-----------------------------------------------------
-----------------------------------------------------
Test file: resources/cellular_short_oneDecade.csv

NOTES: short sample table output 
-----------------------------------------------------

Country	Year          2005        2006        2007        2008        2009        2010        2011        2012        2013        2014        
Bangladesh                   6.29      13.21      23.47      30.17      34.35      44.95      55.19      62.82      74.43      80.04   
"Bahamas, The"              69.21      75.38     109.34     102.79     101.22     118.83      81.56      80.65      76.05      82.30   
Brazil                      46.31      53.11      63.67      78.55      87.54     100.88     119.00     125.00     135.31     138.95   
Germany                     94.55     102.28     115.14     126.56     126.23     106.48     109.66     111.59     120.92     120.42   
Requesting subscriptions for ""Bahamas, The"" between 2005 - 2014. 
Country is "Bahamas, The" , subscriptions from 2005 to 2014		
 The output is:
Total subscriptions = 897.33 

Requesting subscriptions for "Brazil" between 1960 - 2014. 
Warning: out of range of start year has been set to default start year: 2005
Country is Brazil , subscriptions from 1960 to 2014		
 The output is:
Total subscriptions = 948.34 

Requesting subscriptions for "Bangladesh" between 1960 - 2014. 
Warning: out of range of start year has been set to default start year: 2005
Country is Bangladesh , subscriptions from 1960 to 2014		
 The output is:
Total subscriptions = 424.91 

Warning, data fails, please check input number.

Done with TestCSVReader.



---------------------------------------------------
---------------------------------------------------
Test file: resources/cellular.csv

NOTES: long sample table output(P.S. the Console window don't have enough space to show the whole answer)
---------------------------------------------------

// the consloe table don't have enough space to post the full answer. 

Liechtenstein                0.00       0.00       0.00       0.00       0.00       0.00       0.00       0.00       0.00       0.00       0.00       0.00       0.00       0.00       0.00       0.00       0.00       0.00       0.00       0.00       0.00       0.00       0.00       0.00       0.00       0.00       0.00       0.00       0.00       0.00       0.00       0.00       0.00       0.00       0.00       0.00       0.00       0.00      23.27      27.54      30.22      32.86      33.71      73.23      74.03      79.17      82.09      90.67      95.55      97.63      98.28     101.60      98.43     104.07     109.30   
Lithuania                    0.00       0.00       0.00       0.00       0.00       0.00       0.00       0.00       0.00       0.00       0.00       0.00       0.00       0.00       0.00       0.00       0.00       0.00       0.00       0.00       0.00       0.00       0.00       0.00       0.00       0.00       0.00       0.00       0.00       0.00       0.00       0.00       0.01       0.03       0.12       0.41       1.41       4.61       7.52       9.40      14.98      29.41      48.10      62.22      91.54     132.45     145.68     153.98     159.79     159.95     159.40     162.22     165.06     151.34     147.04   
Low & middle income             0.00       0.00       0.00       0.00       0.00       0.00       0.00       0.00       0.00       0.00       0.00       0.00       0.00       0.00       0.00       0.00       0.00       0.00       0.00       0.00       0.00       0.00       0.00       0.00       0.00       0.00       0.00       0.00       0.00       0.00       0.01       0.01       0.03       0.06       0.12       0.24       0.43       0.76       1.24       2.24       4.07       6.44       9.05      12.37      17.14      23.44      31.26      40.10      50.26      59.52      69.60      78.12      82.77      87.96      91.58   
Low income                   0.00       0.00       0.00       0.00       0.00       0.00       0.00       0.00       0.00       0.00       0.00       0.00       0.00       0.00       0.00       0.00       0.00       0.00       0.00       0.00       0.00       0.00       0.00       0.00       0.00       0.00       0.00       0.00       0.00       0.00       0.00       0.00       0.00       0.00       0.00       0.01       0.01       0.02       0.06       0.14       0.33       0.58       0.99       1.76       2.70       4.01       6.97      11.53      17.74      22.55      29.19      36.62      42.61      49.85      55.81   
Lower middle income             0.00       0.00       0.00       0.00       0.00       0.00       0.00       0.00       0.00       0.00       0.00       0.00       0.00       0.00       0.00       0.00       0.00       0.00       0.00       0.00       0.00       0.00       0.00       0.00       0.00       0.00       0.00       0.00       0.00       0.00       0.00       0.00       0.01       0.01       0.02       0.05       0.11       0.19       0.27       0.49       1.05       1.96       3.06       5.09       8.14      13.05      21.29      30.74      42.57      53.96      67.64      77.95      80.59      83.64      87.93   
Luxembourg                   0.00       0.00       0.00       0.00       0.00       0.00       0.00       0.00       0.00       0.00       0.00       0.00       0.00       0.00       0.00       0.00       0.00       0.00       0.00       0.00       0.00       0.00       0.00       0.00       0.00       0.01       0.08       0.10       0.14       0.18       0.22       0.29       0.29       1.28       3.20       6.58      10.87      16.00      30.65      48.51      69.54      92.94     106.65     120.58     104.09     111.39     152.94     143.71     145.08     144.54     143.14     148.15     145.36     148.64     149.49   
"Macao SAR, China"             0.00       0.00       0.00       0.00       0.00       0.00       0.00       0.00       0.00       0.00       0.00       0.00       0.00       0.00       0.00       0.00       0.00       0.00       0.00       0.00       0.00       0.00       0.00       0.00       0.00       0.00       0.00       0.00       0.00       0.39       0.62       1.31       2.78       3.93       5.47       9.00      11.05      12.83      19.61      27.76      32.66      44.39      62.17      80.77      94.31     113.80     132.63     161.05     183.75     198.88     209.92     247.71     289.78     304.08     322.59   
"Macedonia, FYR"             0.00       0.00       0.00       0.00       0.00       0.00       0.00       0.00       0.00       0.00       0.00       0.00       0.00       0.00       0.00       0.00       0.00       0.00       0.00       0.00       0.00       0.00       0.00       0.00       0.00       0.00       0.00       0.00       0.00       0.00       0.00       0.00       0.00       0.00       0.00       0.00       0.05       0.62       1.49       2.40       5.64      10.81      17.61      37.29      47.25      54.11      60.36      85.59      93.75      92.51     102.44     105.20     106.17     106.17     105.50   
Madagascar                   0.00       0.00       0.00       0.00       0.00       0.00       0.00       0.00       0.00       0.00       0.00       0.00       0.00       0.00       0.00       0.00       0.00       0.00       0.00       0.00       0.00       0.00       0.00       0.00       0.00       0.00       0.00       0.00       0.00       0.00       0.00       0.00       0.00       0.00       0.00       0.01       0.02       0.03       0.09       0.23       0.40       0.91       0.97       1.64       1.88       2.79       5.56      11.45      24.27      30.66      36.58      40.04      39.38      36.91      41.21   
Malawi                       0.00       0.00       0.00       0.00       0.00       0.00       0.00       0.00       0.00       0.00       0.00       0.00       0.00       0.00       0.00       0.00       0.00       0.00       0.00       0.00       0.00       0.00       0.00       0.00       0.00       0.00       0.00       0.00       0.00       0.00       0.00       0.00       0.00       0.00       0.00       0.00       0.04       0.07       0.10       0.20       0.43       0.48       0.72       1.10       1.77       3.26       4.66       7.66      10.66      17.06      20.76      25.56      29.21      32.33      33.47   
Malaysia                     0.00       0.00       0.00       0.00       0.00       0.00       0.00       0.00       0.00       0.00       0.00       0.00       0.00       0.00       0.00       0.00       0.00       0.00       0.00       0.00       0.00       0.00       0.00       0.00       0.00       0.00       0.07       0.10       0.16       0.22       0.48       0.69       1.04       1.73       2.83       4.85       7.15       9.17       9.84      13.06      21.87      30.87      37.08      44.69      57.60      75.63      73.93      87.07     101.50     108.47     119.74     127.48     141.33     144.72     148.83   
Maldives                     0.00       0.00       0.00       0.00       0.00       0.00       0.00       0.00       0.00       0.00       0.00       0.00       0.00       0.00       0.00       0.00       0.00       0.00       0.00       0.00       0.00       0.00       0.00       0.00       0.00       0.00       0.00       0.00       0.00       0.00       0.00       0.00       0.00       0.00       0.00       0.00       0.01       0.50       0.61       1.09       2.80       6.80      14.82      23.11      38.72      68.43      89.51     101.72     138.80     143.21     151.78     159.79     165.63     181.19     189.38   
Mali                         0.00       0.00       0.00       0.00       0.00       0.00       0.00       0.00       0.00       0.00       0.00       0.00       0.00       0.00       0.00       0.00       0.00       0.00       0.00       0.00       0.00       0.00       0.00       0.00       0.00       0.00       0.00       0.00       0.00       0.00       0.00       0.00       0.00       0.00       0.00       0.00       0.01       0.03       0.05       0.06       0.10       0.23       0.42       2.20       3.52       6.38      12.27      19.89      26.17      32.90      53.20      75.07      98.38     129.07     149.07   
Malta                        0.00       0.00       0.00       0.00       0.00       0.00       0.00       0.00       0.00       0.00       0.00       0.00       0.00       0.00       0.00       0.00       0.00       0.00       0.00       0.00       0.00       0.00       0.00       0.00       0.00       0.00       0.00       0.00       0.00       0.00       0.00       0.60       0.91       1.37       1.91       2.73       3.14       4.41       5.58       9.25      28.08      58.52      67.45      70.42      74.08      78.12      83.24      88.03      91.64      99.81     107.26     122.37     124.42     129.75     126.99   
Marshall Islands             0.00       0.00       0.00       0.00       0.00       0.00       0.00       0.00       0.00       0.00       0.00       0.00       0.00       0.00       0.00       0.00       0.00       0.00       0.00       0.00       0.00       0.00       0.00       0.00       0.00       0.00       0.00       0.00       0.00       0.00       0.00       0.00       0.00       0.00       0.55       0.52       0.71       0.90       0.66       0.85       0.86       0.94       1.06       1.15       1.24       1.27       0.00       0.00       0.00       0.00       0.00       0.00       0.00       0.00      29.37   
Mauritania                   0.00       0.00       0.00       0.00       0.00       0.00       0.00       0.00       0.00       0.00       0.00       0.00       0.00       0.00       0.00       0.00       0.00       0.00       0.00       0.00       0.00       0.00       0.00       0.00       0.00       0.00       0.00       0.00       0.00       0.00       0.00       0.00       0.00       0.00       0.00       0.00       0.00       0.00       0.00       0.00       0.56       3.96       8.59      11.83      17.10      23.70      32.74      42.46      61.12      62.06      76.91      89.52     106.04     102.53      94.20   
Mauritius                    0.00       0.00       0.00       0.00       0.00       0.00       0.00       0.00       0.00       0.00       0.00       0.00       0.00       0.00       0.00       0.00       0.00       0.00       0.00       0.00       0.00       0.00       0.00       0.00       0.00       0.00       0.00       0.00       0.00       0.00       0.21       0.23       0.27       0.37       0.51       1.04       1.82       3.68       5.18       8.68      15.19      22.84      28.99      38.40      45.32      54.16      63.49      76.12      84.47      88.58      96.77     104.79     119.87     123.24     132.25   
Mexico                       0.00       0.00       0.00       0.00       0.00       0.00       0.00       0.00       0.00       0.00       0.00       0.00       0.00       0.00       0.00       0.00       0.00       0.00       0.00       0.00       0.00       0.00       0.00       0.00       0.00       0.00       0.00       0.00       0.00       0.01       0.07       0.18       0.35       0.42       0.61       0.72       1.05       1.76       3.33       7.56      13.55      20.65      24.29      27.85      35.15      42.56      49.41      58.63      65.50      71.46      77.52      79.24      83.35      87.26      82.22   
"Micronesia, Fed. Sts."             0.00       0.00       0.00       0.00       0.00       0.00       0.00       0.00       0.00       0.00       0.00       0.00       0.00       0.00       0.00       0.00       0.00       0.00       0.00       0.00       0.00       0.00       0.00       0.00       0.00       0.00       0.00       0.00       0.00       0.00       0.00       0.00       0.00       0.00       0.00       0.00       0.00       0.00       0.00       0.00       0.00       0.00       0.09       5.49      11.99      13.27      17.61      26.11      26.32      26.45      26.56      26.69      30.19      30.32       0.00   
Middle East & North Africa             0.00       0.00       0.00       0.00       0.00       0.00       0.00       0.00       0.00       0.00       0.00       0.00       0.00       0.00       0.00       0.00       0.00       0.00       0.00       0.00       0.00       0.00       0.00       0.00       0.00       0.00       0.01       0.02       0.02       0.03       0.04       0.06       0.07       0.10       0.15       0.35       0.71       1.21       1.71       2.48       4.62       7.62      10.38      13.46      18.62      28.65      41.02      56.76      68.79      82.72      92.92      99.67     104.89     110.59     110.16   
Middle East & North Africa (excluding high income)             0.00       0.00       0.00       0.00       0.00       0.00       0.00       0.00       0.00       0.00       0.00       0.00       0.00       0.00       0.00       0.00       0.00       0.00       0.00       0.00       0.00       0.00       0.00       0.00       0.00       0.00       0.00       0.00       0.00       0.00       0.00       0.01       0.01       0.01       0.02       0.08       0.14       0.33       0.48       0.85       2.21       4.39       6.02       8.40      13.03      22.39      34.28      48.62      59.66      72.46      82.05      89.10      95.07     100.80     100.21   
Middle East & North Africa (IDA & IBRD countries)             0.00       0.00       0.00       0.00       0.00       0.00       0.00       0.00       0.00       0.00       0.00       0.00       0.00       0.00       0.00       0.00       0.00       0.00       0.00       0.00       0.00       0.00       0.00       0.00       0.00       0.00       0.00       0.00       0.00       0.00       0.00       0.01       0.01       0.01       0.02       0.08       0.14       0.33       0.48       0.85       2.23       4.37       6.00       8.41      13.04      22.47      34.42      48.87      59.97      72.78      82.26      89.34      95.33     101.14     100.57   
Middle income                0.00       0.00       0.00       0.00       0.00       0.00       0.00       0.00       0.00       0.00       0.00       0.00       0.00       0.00       0.00       0.00       0.00       0.00       0.00       0.00       0.00       0.00       0.00       0.00       0.00       0.00       0.00       0.00       0.00       0.00       0.01       0.02       0.03       0.06       0.13       0.26       0.46       0.82       1.34       2.43       4.41       6.98       9.80      13.37      18.51      25.32      33.59      42.97      53.57      63.33      73.91      82.62      87.19      92.21      95.64   
Moldova                      0.00       0.00       0.00       0.00       0.00       0.00       0.00       0.00       0.00       0.00       0.00       0.00       0.00       0.00       0.00       0.00       0.00       0.00       0.00       0.00       0.00       0.00       0.00       0.00       0.00       0.00       0.00       0.00       0.00       0.00       0.00       0.00       0.00       0.00       0.00       0.00       0.02       0.05       0.17       0.43       3.38       5.57       8.52      12.21      20.56      28.93      36.55      51.27      66.64      59.28      71.38      90.81     101.99     106.01     108.00   
Monaco                       0.00       0.00       0.00       0.00       0.00       0.00       0.00       0.00       0.00       0.00       0.00       0.00       0.00       0.00       0.00       0.00       0.00       0.00       0.00       0.00       0.00       0.00       0.00       0.00       0.00       0.00       0.00       0.00       0.00       0.00       0.00       0.00       0.00       3.82       8.41       9.79      17.44      23.05      36.41      41.14      43.41      44.19      45.55      45.74      47.23      50.85      53.27      58.26      61.65      63.34      63.55      85.31      88.33      93.74      88.46   
Mongolia                     0.00       0.00       0.00       0.00       0.00       0.00       0.00       0.00       0.00       0.00       0.00       0.00       0.00       0.00       0.00       0.00       0.00       0.00       0.00       0.00       0.00       0.00       0.00       0.00       0.00       0.00       0.00       0.00       0.00       0.00       0.00       0.00       0.00       0.00       0.00       0.00       0.04       0.09       0.38       1.45       6.45       8.06       8.84      12.92      17.17      22.05      30.28      46.03      66.97      84.16      92.54     106.83     120.69     101.36     105.06   
Montenegro                   0.00       0.00       0.00       0.00       0.00       0.00       0.00       0.00       0.00       0.00       0.00       0.00       0.00       0.00       0.00       0.00       0.00       0.00       0.00       0.00       0.00       0.00       0.00       0.00       0.00       0.00       0.00       0.00       0.00       0.00       0.00       0.00       0.00       0.00       0.00       0.00       0.00       0.00       0.00       0.00       0.00       0.00       0.00       0.00      78.70      88.21     104.35     145.68     187.19     208.94     188.69     186.76     159.54     159.95     163.03   
Morocco                      0.00       0.00       0.00       0.00       0.00       0.00       0.00       0.00       0.00       0.00       0.00       0.00       0.00       0.00       0.00       0.00       0.00       0.00       0.00       0.00       0.00       0.00       0.00       0.00       0.00       0.00       0.00       0.00       0.00       0.00       0.00       0.01       0.01       0.03       0.05       0.11       0.16       0.27       0.42       1.30       8.16      16.44      21.15      24.88      31.27      41.14      52.66      65.31      73.71      80.93     101.07     114.02     119.97     128.53     131.71   
Mozambique                   0.00       0.00       0.00       0.00       0.00       0.00       0.00       0.00       0.00       0.00       0.00       0.00       0.00       0.00       0.00       0.00       0.00       0.00       0.00       0.00       0.00       0.00       0.00       0.00       0.00       0.00       0.00       0.00       0.00       0.00       0.00       0.00       0.00       0.00       0.00       0.00       0.00       0.01       0.04       0.07       0.28       0.81       1.32       2.19       3.46       7.16      10.84      13.89      19.35      25.56      30.14      31.96      34.94      48.00      69.82   
Myanmar                      0.00       0.00       0.00       0.00       0.00       0.00       0.00       0.00       0.00       0.00       0.00       0.00       0.00       0.00       0.00       0.00       0.00       0.00       0.00       0.00       0.00       0.00       0.00       0.00       0.00       0.00       0.00       0.00       0.00       0.00       0.00       0.00       0.00       0.00       0.00       0.01       0.02       0.02       0.02       0.02       0.03       0.05       0.10       0.13       0.19       0.26       0.42       0.49       0.72       0.97       1.14       2.38       7.06      12.83      54.04   
Namibia                      0.00       0.00       0.00       0.00       0.00       0.00       0.00       0.00       0.00       0.00       0.00       0.00       0.00       0.00       0.00       0.00       0.00       0.00       0.00       0.00       0.00       0.00       0.00       0.00       0.00       0.00       0.00       0.00       0.00       0.00       0.00       0.00       0.00       0.00       0.00       0.21       0.39       0.71       1.08       1.62       4.32       5.52       7.66      11.29      14.28      22.14      29.66      38.46      49.84      76.12      89.50      98.96      95.02     118.43     113.76   
Nauru                        0.00       0.00       0.00       0.00       0.00       0.00       0.00       0.00       0.00       0.00       0.00       0.00       0.00       0.00       0.00       0.00       0.00       0.00       0.00       0.00       0.00       0.00       0.00       0.00       0.00       0.00       0.00       0.00       0.00       0.00       0.00       0.00       0.00       1.54       4.56       5.02       5.98       7.46       8.45       9.96      11.95      14.92       0.00       0.00       0.00       0.00       0.00       0.00       0.00       0.00      61.85      66.84      67.78       0.00       0.00   
Nepal                        0.00       0.00       0.00       0.00       0.00       0.00       0.00       0.00       0.00       0.00       0.00       0.00       0.00       0.00       0.00       0.00       0.00       0.00       0.00       0.00       0.00       0.00       0.00       0.00       0.00       0.00       0.00       0.00       0.00       0.00       0.00       0.00       0.00       0.00       0.00       0.00       0.00       0.00       0.00       0.02       0.04       0.07       0.09       0.33       0.47       0.90       4.51      12.60      16.00      21.09      34.25      49.18      60.45      76.85      81.87   
Netherlands                  0.00       0.00       0.00       0.00       0.00       0.00       0.00       0.00       0.00       0.00       0.00       0.00       0.00       0.00       0.00       0.00       0.00       0.00       0.00       0.00       0.00       0.00       0.00       0.00       0.00       0.03       0.11       0.17       0.22       0.38       0.53       0.77       1.10       1.42       2.10       3.50       6.55      11.00      21.36      42.77      67.81      76.49      75.43      81.82      91.24      97.13     105.62     117.29     124.98     121.66     115.43     118.98     117.97     116.16     116.42   
New Caledonia                0.00       0.00       0.00       0.00       0.00       0.00       0.00       0.00       0.00       0.00       0.00       0.00       0.00       0.00       0.00       0.00       0.00       0.00       0.00       0.00       0.00       0.00       0.00       0.00       0.00       0.00       0.00       0.00       0.00       0.00       0.00       0.00       0.00       0.00       0.00       0.44       1.06       2.63       6.46      12.35      23.78      31.75      36.74      43.86      51.73      58.70      66.72      74.76      82.06      86.28      89.62      91.00      91.25      93.76      93.56   
New Zealand                  0.00       0.00       0.00       0.00       0.00       0.00       0.00       0.00       0.00       0.00       0.00       0.00       0.00       0.00       0.00       0.00       0.00       0.00       0.00       0.00       0.00       0.00       0.00       0.00       0.00       0.00       0.00       0.07       0.30       0.86       1.59       2.10       2.86       4.03       6.60       9.93      13.26      15.09      20.88      36.54      39.97      58.56      61.81      64.64      74.21      85.39      90.85     100.44     107.99     108.72     107.83     109.20     110.36     105.78     112.05   
Nicaragua                    0.00       0.00       0.00       0.00       0.00       0.00       0.00       0.00       0.00       0.00       0.00       0.00       0.00       0.00       0.00       0.00       0.00       0.00       0.00       0.00       0.00       0.00       0.00       0.00       0.00       0.00       0.00       0.00       0.00       0.00       0.00       0.00       0.00       0.01       0.05       0.09       0.11       0.16       0.37       0.88       1.77       3.18       4.52       8.78      13.71      20.52      33.13      44.72      54.83      58.23      68.05      81.68      97.66     111.98     114.57   
Niger                        0.00       0.00       0.00       0.00       0.00       0.00       0.00       0.00       0.00       0.00       0.00       0.00       0.00       0.00       0.00       0.00       0.00       0.00       0.00       0.00       0.00       0.00       0.00       0.00       0.00       0.00       0.00       0.00       0.00       0.00       0.00       0.00       0.00       0.00       0.00       0.00       0.00       0.00       0.01       0.02       0.02       0.02       0.49       0.67       1.36       2.46       3.53       6.34      12.88      16.98      23.08      28.72      31.45      39.29      44.44   
Nigeria                      0.00       0.00       0.00       0.00       0.00       0.00       0.00       0.00       0.00       0.00       0.00       0.00       0.00       0.00       0.00       0.00       0.00       0.00       0.00       0.00       0.00       0.00       0.00       0.00       0.00       0.00       0.00       0.00       0.00       0.00       0.00       0.00       0.00       0.01       0.01       0.01       0.01       0.01       0.02       0.02       0.02       0.21       1.21       2.38       6.73      13.32      22.55      27.45      41.66      47.96      54.66      57.96      66.80      73.29      77.84   
North America                0.00       0.00       0.00       0.00       0.00       0.00       0.00       0.00       0.00       0.00       0.00       0.00       0.00       0.00       0.00       0.00       0.00       0.00       0.00       0.00       0.00       0.00       0.00       0.00       0.03       0.13       0.27       0.49       0.82       1.38       2.08       2.92       4.19       5.96       8.84      12.23      15.80      19.54      24.19      29.81      37.49      43.68      47.79      53.60      61.04      66.80      74.46      80.05      83.35      86.85      89.78      92.80      94.39      95.46     107.31   
Northern Mariana Islands             0.00       0.00       0.00       0.00       0.00       0.00       0.00       0.00       0.00       0.00       0.00       0.00       0.00       0.00       0.00       0.00       0.00       0.00       0.00       0.00       0.00       0.00       0.00       0.00       0.00       0.00       0.00       0.00       0.00       0.00       0.00       0.00       0.00       1.40       1.40       2.09       0.00       0.00       0.00       4.32       4.38      19.18      25.02      27.56      30.95       0.00       0.00       0.00       0.00       0.00       0.00       0.00       0.00       0.00       0.00   
Norway                       0.00       0.00       0.00       0.00       0.00       0.00       0.00       0.00       0.00       0.00       0.00       0.00       0.00       0.00       0.00       0.00       0.00       0.00       0.00       0.00       0.00       0.04       0.27       0.57       0.94       1.52       2.09       2.87       3.62       3.97       4.64       5.50       6.60       8.62      13.58      22.51      28.76      38.00      46.67      59.64      71.78      79.58      83.54      89.05      98.61     102.81     104.28     106.71     109.07     110.73     114.48     115.81     116.09     116.27     116.13   
Not classified               0.00       0.00       0.00       0.00       0.00       0.00       0.00       0.00       0.00       0.00       0.00       0.00       0.00       0.00       0.00       0.00       0.00       0.00       0.00       0.00       0.00       0.00       0.00       0.00       0.00       0.00       0.00       0.00       0.00       0.00       0.00       0.00       0.00       0.00       0.00       0.00       0.00       0.00       0.00       0.00       0.00       0.00       0.00       0.00       0.00       0.00       0.00       0.00       0.00       0.00       0.00       0.00       0.00       0.00       0.00   
OECD members                 0.00       0.00       0.00       0.00       0.00       0.00       0.00       0.00       0.00       0.00       0.00       0.00       0.00       0.00       0.00       0.00       0.00       0.00       0.00       0.00       0.00       0.01       0.01       0.02       0.03       0.08       0.14       0.24       0.40       0.66       0.99       1.41       1.96       2.79       4.40       6.95      10.85      15.31      21.91      32.24      45.30      53.68      58.72      64.35      71.44      78.75      86.18      94.11      98.18     100.01     101.34     104.82     107.37     109.26     113.06   
Oman                         0.00       0.00       0.00       0.00       0.00       0.00       0.00       0.00       0.00       0.00       0.00       0.00       0.00       0.00       0.00       0.00       0.00       0.00       0.00       0.00       0.00       0.00       0.00       0.00       0.00       0.00       0.05       0.07       0.10       0.12       0.15       0.19       0.24       0.27       0.32       0.37       0.69       2.43       4.51       5.57       7.39      14.43      20.06      24.86      32.72      52.86      71.16      97.29     124.13     149.09     164.34     159.00     159.25     154.65     157.75   
Other small states             0.00       0.00       0.00       0.00       0.00       0.00       0.00       0.00       0.00       0.00       0.00       0.00       0.00       0.00       0.00       0.00       0.00       0.00       0.00       0.00       0.00       0.00       0.00       0.00       0.00       0.00       0.02       0.05       0.06       0.09       0.16       0.23       0.32       0.45       0.70       1.26       1.97       2.98       4.47       7.02      11.68      16.35      21.24      24.59      31.98      39.00      47.30      59.05      69.74      78.51      87.72      97.18     105.68     114.98     118.07   
Pacific island small states             0.00       0.00       0.00       0.00       0.00       0.00       0.00       0.00       0.00       0.00       0.00       0.00       0.00       0.00       0.00       0.00       0.00       0.00       0.00       0.00       0.00       0.00       0.00       0.00       0.00       0.00       0.00       0.00       0.00       0.00       0.00       0.00       0.00       0.01       0.11       0.20       0.30       0.44       0.62       1.51       3.15       4.45       5.29       7.51      10.14      14.58      20.23      35.92      39.92      47.92      55.13      63.12      69.55      72.18      74.42   
Pakistan                     0.00       0.00       0.00       0.00       0.00       0.00       0.00       0.00       0.00       0.00       0.00       0.00       0.00       0.00       0.00       0.00       0.00       0.00       0.00       0.00       0.00       0.00       0.00       0.00       0.00       0.00       0.00       0.00       0.00       0.00       0.00       0.01       0.01       0.01       0.02       0.03       0.05       0.10       0.14       0.19       0.21       0.51       1.13       1.58       3.24       8.08      21.45      38.34      52.70      55.46      57.28      61.81      67.06      70.13      73.33   
Palau                        0.00       0.00       0.00       0.00       0.00       0.00       0.00       0.00       0.00       0.00       0.00       0.00       0.00       0.00       0.00       0.00       0.00       0.00       0.00       0.00       0.00       0.00       0.00       0.00       0.00       0.00       0.00       0.00       0.00       0.00       0.00       0.00       0.00       0.00       0.00       0.00       0.00       0.00       0.00       0.00       0.00       0.00      12.56      19.92      19.81      30.40      41.70      53.14      57.68      62.64      70.89      74.95      82.64      85.79      90.60   
Panama                       0.00       0.00       0.00       0.00       0.00       0.00       0.00       0.00       0.00       0.00       0.00       0.00       0.00       0.00       0.00       0.00       0.00       0.00       0.00       0.00       0.00       0.00       0.00       0.00       0.00       0.00       0.00       0.00       0.00       0.00       0.00       0.00       0.00       0.00       0.00       0.00       0.25       0.82       2.93       7.78      13.43      15.25      16.54      21.37      38.14      51.95      63.42      86.24     110.18     167.78     180.70     180.08     163.42     160.57     158.05   
Papua New Guinea             0.00       0.00       0.00       0.00       0.00       0.00       0.00       0.00       0.00       0.00       0.00       0.00       0.00       0.00       0.00       0.00       0.00       0.00       0.00       0.00       0.00       0.00       0.00       0.00       0.00       0.00       0.00       0.00       0.00       0.00       0.00       0.00       0.00       0.00       0.00       0.00       0.05       0.08       0.11       0.13       0.16       0.19       0.27       0.30       0.81       1.23       1.60       4.69      13.34      21.14      27.83      34.22      37.80      40.98      44.93   
Paraguay                     0.00       0.00       0.00       0.00       0.00       0.00       0.00       0.00       0.00       0.00       0.00       0.00       0.00       0.00       0.00       0.00       0.00       0.00       0.00       0.00       0.00       0.00       0.00       0.00       0.00       0.00       0.00       0.00       0.00       0.00       0.00       0.00       0.03       0.07       0.16       0.33       0.67       1.68       4.51       8.31      15.34      21.06      29.92      31.16      30.19      31.96      53.75      76.64      92.86      88.52      91.66      99.33     101.59     103.69     105.60   
Peru                         0.00       0.00       0.00       0.00       0.00       0.00       0.00       0.00       0.00       0.00       0.00       0.00       0.00       0.00       0.00       0.00       0.00       0.00       0.00       0.00       0.00       0.00       0.00       0.00       0.00       0.00       0.00       0.00       0.00       0.00       0.01       0.03       0.10       0.16       0.22       0.31       0.82       1.70       2.95       3.96       4.90       6.80       8.63      10.82      14.93      20.14      32.54      54.42      73.19      85.37      99.50     109.61      98.00      98.08     103.61   
Philippines                  0.00       0.00       0.00       0.00       0.00       0.00       0.00       0.00       0.00       0.00       0.00       0.00       0.00       0.00       0.00       0.00       0.00       0.00       0.00       0.00       0.00       0.00       0.00       0.00       0.00       0.00       0.00       0.00       0.00       0.00       0.00       0.05       0.09       0.15       0.25       0.71       1.35       1.85       2.33       3.75       8.31      15.33      19.00      27.25      39.10      40.52      49.07      64.52      75.37      82.26      88.98      99.09     105.45     104.50     111.22   
Poland                       0.00       0.00       0.00       0.00       0.00       0.00       0.00       0.00       0.00       0.00       0.00       0.00       0.00       0.00       0.00       0.00       0.00       0.00       0.00       0.00       0.00       0.00       0.00       0.00       0.00       0.00       0.00       0.00       0.00       0.00       0.00       0.00       0.01       0.04       0.10       0.19       0.56       2.11       5.02      10.31      17.59      26.11      36.31      45.49      60.42      76.34      96.21     108.38     115.02     117.31     122.92     131.29     141.55     149.08     148.89   
Portugal                     0.00       0.00       0.00       0.00       0.00       0.00       0.00       0.00       0.00       0.00       0.00       0.00       0.00       0.00       0.00       0.00       0.00       0.00       0.00       0.00       0.00       0.00       0.00       0.00       0.00       0.00       0.00       0.00       0.00       0.03       0.07       0.13       0.37       1.01       1.73       3.38       6.54      14.80      30.08      45.52      64.67      77.07      83.40      95.82     100.89     108.91     116.04     127.68     132.92     111.48     115.30     116.39     112.39     113.04     112.11   
Post-demographic dividend             0.00       0.00       0.00       0.00       0.00       0.00       0.00       0.00       0.00       0.00       0.00       0.00       0.00       0.00       0.00       0.00       0.00       0.00       0.00       0.00       0.00       0.01       0.01       0.02       0.04       0.09       0.15       0.26       0.44       0.74       1.10       1.56       2.16       3.08       4.88       7.70      12.01      16.87      23.87      34.44      47.66      55.92      60.90      66.67      73.79      82.01      90.48      98.31     102.16     104.13     104.84     108.38     110.83     112.70     117.73   
Pre-demographic dividend             0.00       0.00       0.00       0.00       0.00       0.00       0.00       0.00       0.00       0.00       0.00       0.00       0.00       0.00       0.00       0.00       0.00       0.00       0.00       0.00       0.00       0.00       0.00       0.00       0.00       0.00       0.00       0.00       0.00       0.00       0.00       0.00       0.00       0.00       0.00       0.01       0.02       0.03       0.07       0.14       0.35       0.81       1.58       2.68       4.90       8.30      15.19      21.78      31.86      37.94      44.73      52.23      57.94      64.17      69.60   
Puerto Rico                  0.00       0.00       0.00       0.00       0.00       0.00       0.00       0.00       0.00       0.00       0.00       0.00       0.00       0.00       0.00       0.00       0.00       0.00       0.00       0.00       0.00       0.00       0.00       0.00       0.00       0.00       0.00       0.11       0.25       0.33       0.58       0.94       1.67       2.62       4.78       7.78       8.85       9.80      15.39      21.49      34.71      42.85      43.40      45.15      48.98      53.00      58.64      65.03      68.22      72.93      79.09      83.98      82.55      83.65      87.11   
Qatar                        0.00       0.00       0.00       0.00       0.00       0.00       0.00       0.00       0.00       0.00       0.00       0.00       0.00       0.00       0.00       0.00       0.00       0.00       0.00       0.00       0.00       0.00       0.00       0.00       0.00       0.00       0.00       0.00       0.00       0.00       0.80       0.84       0.86       0.87       2.33       3.69       5.61       8.21      11.95      14.75      20.36      29.08      42.35      57.03      68.07      87.29      95.06     109.70     105.18     124.60     124.96     120.48     126.86     152.64     145.76   
Romania                      0.00       0.00       0.00       0.00       0.00       0.00       0.00       0.00       0.00       0.00       0.00       0.00       0.00       0.00       0.00       0.00       0.00       0.00       0.00       0.00       0.00       0.00       0.00       0.00       0.00       0.00       0.00       0.00       0.00       0.00       0.00       0.00       0.00       0.00       0.01       0.04       0.07       0.88       2.85       6.03      11.16      17.23      22.97      31.71      46.10      60.39      72.47      92.66     111.40     114.54     111.43     107.39     104.99     105.58     105.91   
Russian Federation             0.00       0.00       0.00       0.00       0.00       0.00       0.00       0.00       0.00       0.00       0.00       0.00       0.00       0.00       0.00       0.00       0.00       0.00       0.00       0.00       0.00       0.00       0.00       0.00       0.00       0.00       0.00       0.00       0.00       0.00       0.00       0.00       0.00       0.01       0.02       0.06       0.15       0.33       0.51       0.93       2.22       5.30      12.10      24.94      51.08      83.37     104.84     119.18     138.87     160.10     165.50     142.05     145.33     152.84     155.14   
Rwanda                       0.00       0.00       0.00       0.00       0.00       0.00       0.00       0.00       0.00       0.00       0.00       0.00       0.00       0.00       0.00       0.00       0.00       0.00       0.00       0.00       0.00       0.00       0.00       0.00       0.00       0.00       0.00       0.00       0.00       0.00       0.00       0.00       0.00       0.00       0.00       0.00       0.00       0.00       0.07       0.14       0.46       0.74       0.92       1.43       1.48       2.36       3.25       6.40      12.94      23.07      32.75      39.90      49.67      56.80      64.02   
Samoa                        0.00       0.00       0.00       0.00       0.00       0.00       0.00       0.00       0.00       0.00       0.00       0.00       0.00       0.00       0.00       0.00       0.00       0.00       0.00       0.00       0.00       0.00       0.00       0.00       0.00       0.00       0.00       0.00       0.00       0.00       0.00       0.00       0.00       0.00       0.00       0.00       0.00       0.44       0.86       1.40       1.43       1.42       1.53       5.91       8.95      13.34      25.13      47.19       0.00       0.00      48.38       0.00      53.10      52.47      55.53   
San Marino                   0.00       0.00       0.00       0.00       0.00       0.00       0.00       0.00       0.00       0.00       0.00       0.00       0.00       0.00       0.00       0.00       0.00       0.00       0.00       0.00       0.00       0.00       0.00       0.00       0.00       0.00       0.00       0.00       0.00       0.00       0.00       0.00       3.63       5.18       7.48       9.11       8.79       9.00      18.92      36.02      53.78      57.72      59.72      58.89      58.33      57.60      57.72      57.61      79.88      97.56      99.11     114.23     115.21     116.95     118.85   
Sao Tome and Principe             0.00       0.00       0.00       0.00       0.00       0.00       0.00       0.00       0.00       0.00       0.00       0.00       0.00       0.00       0.00       0.00       0.00       0.00       0.00       0.00       0.00       0.00       0.00       0.00       0.00       0.00       0.00       0.00       0.00       0.00       0.00       0.00       0.00       0.00       0.00       0.00       0.00       0.00       0.00       0.00       0.00       0.00       1.37       3.27       5.13       7.73      11.60      18.42      30.04      46.66      57.64      62.80      64.95      64.94      64.94   
Saudi Arabia                 0.00       0.00       0.00       0.00       0.00       0.00       0.00       0.00       0.00       0.00       0.00       0.00       0.00       0.00       0.00       0.00       0.00       0.00       0.00       0.00       0.00       0.00       0.00       0.00       0.00       0.00       0.00       0.00       0.00       0.00       0.09       0.09       0.09       0.09       0.09       0.09       1.01       1.74       3.25       4.26       6.83      12.10      22.95      31.67      38.49      57.37      77.64     109.59     136.54     167.43     189.17     194.51     187.36     184.20     179.56   
Senegal                      0.00       0.00       0.00       0.00       0.00       0.00       0.00       0.00       0.00       0.00       0.00       0.00       0.00       0.00       0.00       0.00       0.00       0.00       0.00       0.00       0.00       0.00       0.00       0.00       0.00       0.00       0.00       0.00       0.00       0.00       0.00       0.00       0.00       0.00       0.00       0.00       0.02       0.08       0.29       0.91       2.54       2.98       5.33       7.33      10.22      15.35      25.75      30.50      44.03      54.83      64.43      70.16      83.57      92.93      98.84   
Serbia                       0.00       0.00       0.00       0.00       0.00       0.00       0.00       0.00       0.00       0.00       0.00       0.00       0.00       0.00       0.00       0.00       0.00       0.00       0.00       0.00       0.00       0.00       0.00       0.00       0.00       0.00       0.00       0.00       0.00       0.00       0.00       0.00       0.00       0.00       0.00       0.00       0.00       0.00       0.00       0.00       0.00       0.00       0.00       0.00      47.18      67.02      81.46     104.48     119.83     124.40     125.30     130.25     117.77     119.39     122.13   
Seychelles                   0.00       0.00       0.00       0.00       0.00       0.00       0.00       0.00       0.00       0.00       0.00       0.00       0.00       0.00       0.00       0.00       0.00       0.00       0.00       0.00       0.00       0.00       0.00       0.00       0.00       0.00       0.00       0.00       0.00       0.00       0.00       0.00       0.00       0.00       0.00       0.07       1.37       2.91       6.66      20.73      32.54      45.24      54.15      58.45      63.40      67.52      79.74      86.70     103.98     122.18     128.92     137.90     147.80     147.34     162.19   
Sierra Leone                 0.00       0.00       0.00       0.00       0.00       0.00       0.00       0.00       0.00       0.00       0.00       0.00       0.00       0.00       0.00       0.00       0.00       0.00       0.00       0.00       0.00       0.00       0.00       0.00       0.00       0.00       0.00       0.00       0.00       0.00       0.00       0.00       0.00       0.00       0.00       0.00       0.00       0.00       0.00       0.00       0.29       0.63       1.49       2.40       0.00       0.00       0.00      14.33      18.24      20.56      34.77      36.43      36.96      65.66      76.66   
Singapore                    0.00       0.00       0.00       0.00       0.00       0.00       0.00       0.00       0.00       0.00       0.00       0.00       0.00       0.00       0.00       0.00       0.00       0.00       0.00       0.00       0.00       0.00       0.00       0.00       0.00       0.00       0.00       0.00       0.38       0.89       1.71       2.64       3.76       5.44       6.95       8.79      12.07      23.23      29.31      42.66      70.12      74.36      80.10      84.07      91.21      97.53     103.78     125.19     132.30     138.69     145.40     150.12     152.13     155.92     146.89   
Sint Maarten (Dutch part)             0.00       0.00       0.00       0.00       0.00       0.00       0.00       0.00       0.00       0.00       0.00       0.00       0.00       0.00       0.00       0.00       0.00       0.00       0.00       0.00       0.00       0.00       0.00       0.00       0.00       0.00       0.00       0.00       0.00       0.00       0.00       0.00       0.00       0.00       0.00       0.00       0.00       0.00       0.00       0.00       0.00       0.00       0.00       0.00       0.00       0.00       0.00       0.00       0.00       0.00       0.00       0.00       0.00       0.00       0.00   
Slovak Republic              0.00       0.00       0.00       0.00       0.00       0.00       0.00       0.00       0.00       0.00       0.00       0.00       0.00       0.00       0.00       0.00       0.00       0.00       0.00       0.00       0.00       0.00       0.00       0.00       0.00       0.00       0.00       0.00       0.00       0.00       0.00       0.00       0.03       0.06       0.11       0.23       0.53       3.72       8.64      12.33      23.08      39.85      54.26      68.28      79.34      84.21      90.66     112.25     101.93     101.34     109.05     109.98     111.91     113.91     116.94   
Slovenia                     0.00       0.00       0.00       0.00       0.00       0.00       0.00       0.00       0.00       0.00       0.00       0.00       0.00       0.00       0.00       0.00       0.00       0.00       0.00       0.00       0.00       0.00       0.00       0.00       0.00       0.00       0.00       0.00       0.00       0.00       0.00       0.03       0.17       0.33       0.82       1.37       2.07       4.71       8.13      31.74      61.10      73.88      83.78      87.33      92.68      87.95      90.57      95.46     101.10     102.75     103.30     105.17     108.39     110.21     112.08   
Small states                 0.00       0.00       0.00       0.00       0.00       0.00       0.00       0.00       0.00       0.00       0.00       0.00       0.00       0.00       0.00       0.00       0.00       0.00       0.00       0.00       0.00       0.00       0.00       0.00       0.00       0.00       0.02       0.03       0.04       0.06       0.12       0.18       0.28       0.41       0.64       1.14       1.71       2.50       3.68       5.95      10.98      16.09      22.46      27.51      35.55      42.95      53.07      65.00      75.08      83.37      91.04      97.38     103.17     111.30     114.48   
Solomon Islands              0.00       0.00       0.00       0.00       0.00       0.00       0.00       0.00       0.00       0.00       0.00       0.00       0.00       0.00       0.00       0.00       0.00       0.00       0.00       0.00       0.00       0.00       0.00       0.00       0.00       0.00       0.00       0.00       0.00       0.00       0.00       0.00       0.00       0.00       0.04       0.06       0.09       0.17       0.18       0.27       0.28       0.23       0.23       0.24       0.66       1.28       1.46       2.21       5.96       9.71      21.94      51.09      54.98      57.57      65.76   
Somalia                      0.00       0.00       0.00       0.00       0.00       0.00       0.00       0.00       0.00       0.00       0.00       0.00       0.00       0.00       0.00       0.00       0.00       0.00       0.00       0.00       0.00       0.00       0.00       0.00       0.00       0.00       0.00       0.00       0.00       0.00       0.00       0.00       0.00       0.00       0.00       0.00       0.00       0.00       0.00       0.00       1.08       1.12       1.28       2.49       6.06       5.91       6.33       6.73       6.86       6.83       6.73      18.17      22.56      49.38      50.90   
South Africa                 0.00       0.00       0.00       0.00       0.00       0.00       0.00       0.00       0.00       0.00       0.00       0.00       0.00       0.00       0.00       0.00       0.00       0.00       0.00       0.00       0.00       0.00       0.00       0.00       0.00       0.00       0.00       0.00       0.00       0.01       0.02       0.02       0.03       0.10       0.84       1.29       2.26       4.28       7.66      11.74      18.59      23.70      29.67      35.97      43.82      70.40      81.08      85.28      89.52      91.25      97.90     123.20     130.56     145.64     149.19   
South Asia                   0.00       0.00       0.00       0.00       0.00       0.00       0.00       0.00       0.00       0.00       0.00       0.00       0.00       0.00       0.00       0.00       0.00       0.00       0.00       0.00       0.00       0.00       0.00       0.00       0.00       0.00       0.00       0.00       0.00       0.00       0.00       0.00       0.00       0.00       0.00       0.01       0.04       0.09       0.12       0.19       0.33       0.61       1.17       2.70       4.27       7.80      15.06      22.50      32.18      44.40      59.72      69.84      69.01      71.49      75.40   
South Asia (IDA & IBRD)             0.00       0.00       0.00       0.00       0.00       0.00       0.00       0.00       0.00       0.00       0.00       0.00       0.00       0.00       0.00       0.00       0.00       0.00       0.00       0.00       0.00       0.00       0.00       0.00       0.00       0.00       0.00       0.00       0.00       0.00       0.00       0.00       0.00       0.00       0.00       0.01       0.04       0.09       0.12       0.19       0.33       0.61       1.17       2.70       4.27       7.80      15.06      22.50      32.18      44.40      59.72      69.84      69.01      71.49      75.40   
South Sudan                  0.00       0.00       0.00       0.00       0.00       0.00       0.00       0.00       0.00       0.00       0.00       0.00       0.00       0.00       0.00       0.00       0.00       0.00       0.00       0.00       0.00       0.00       0.00       0.00       0.00       0.00       0.00       0.00       0.00       0.00       0.00       0.00       0.00       0.00       0.00       0.00       0.00       0.00       0.00       0.00       0.00       0.00       0.00       0.00       0.00       0.00       0.00       0.00       0.00       0.00      14.45      17.34      21.22      25.26      24.50   
Spain                        0.00       0.00       0.00       0.00       0.00       0.00       0.00       0.00       0.00       0.00       0.00       0.00       0.00       0.00       0.00       0.00       0.00       0.00       0.00       0.00       0.00       0.00       0.00       0.00       0.00       0.00       0.00       0.01       0.03       0.08       0.14       0.28       0.46       0.66       1.05       2.40       7.59      10.95      16.20      37.56      60.24      72.76      81.10      88.59      90.43      98.40     103.76     108.41     109.68     111.58     111.28     113.06     108.36     106.89     107.85   
Sri Lanka                    0.00       0.00       0.00       0.00       0.00       0.00       0.00       0.00       0.00       0.00       0.00       0.00       0.00       0.00       0.00       0.00       0.00       0.00       0.00       0.00       0.00       0.00       0.00       0.00       0.00       0.00       0.00       0.00       0.00       0.00       0.01       0.01       0.01       0.08       0.16       0.28       0.39       0.62       0.94       1.37       2.28       3.51       4.84       7.14      11.20      16.85      26.88      39.32      54.19      79.15      83.62      87.55      91.63      95.50     103.16   
St. Kitts and Nevis             0.00       0.00       0.00       0.00       0.00       0.00       0.00       0.00       0.00       0.00       0.00       0.00       0.00       0.00       0.00       0.00       0.00       0.00       0.00       0.00       0.00       0.00       0.00       0.00       0.00       0.00       0.00       0.00       0.00       0.00       0.00       0.00       0.00       0.00       0.00       0.00       0.69       0.47       0.99       1.56       2.63       4.54      10.65      46.14      59.89     103.79     102.36     127.78     145.76     145.95     152.81     145.36     141.83     142.09     118.64   
St. Lucia                    0.00       0.00       0.00       0.00       0.00       0.00       0.00       0.00       0.00       0.00       0.00       0.00       0.00       0.00       0.00       0.00       0.00       0.00       0.00       0.00       0.00       0.00       0.00       0.00       0.00       0.00       0.00       0.00       0.00       0.00       0.00       0.00       0.00       0.00       0.36       0.68       0.94       1.06       1.24       1.48       1.59       1.70       8.93      61.20      61.79      63.88      62.99      86.39     101.34     108.30     111.73     120.78     119.42     116.34     102.59   
St. Martin (French part)             0.00       0.00       0.00       0.00       0.00       0.00       0.00       0.00       0.00       0.00       0.00       0.00       0.00       0.00       0.00       0.00       0.00       0.00       0.00       0.00       0.00       0.00       0.00       0.00       0.00       0.00       0.00       0.00       0.00       0.00       0.00       0.00       0.00       0.00       0.00       0.00       0.00       0.00       0.00       0.00       0.00       0.00       0.00       0.00       0.00       0.00       0.00       0.00       0.00       0.00       0.00       0.00       0.00       0.00       0.00   
St. Vincent and the Grenadines             0.00       0.00       0.00       0.00       0.00       0.00       0.00       0.00       0.00       0.00       0.00       0.00       0.00       0.00       0.00       0.00       0.00       0.00       0.00       0.00       0.00       0.00       0.00       0.00       0.00       0.00       0.00       0.00       0.00       0.00       0.00       0.00       0.06       0.08       0.14       0.20       0.26       0.32       0.69       1.32       2.19       6.94       9.23      58.06      66.32      64.94      80.47     101.33     119.18     110.86     120.56     120.53     116.11     114.63     105.16   
Sub-Saharan Africa             0.00       0.00       0.00       0.00       0.00       0.00       0.00       0.00       0.00       0.00       0.00       0.00       0.00       0.00       0.00       0.00       0.00       0.00       0.00       0.00       0.00       0.00       0.00       0.00       0.00       0.00       0.00       0.00       0.00       0.00       0.00       0.00       0.00       0.01       0.07       0.10       0.18       0.34       0.61       1.00       1.72       2.50       3.59       4.97       7.40      12.02      17.76      23.18      31.89      37.68      44.41      53.09      59.72      66.08      71.03   
Sub-Saharan Africa (excluding high income)             0.00       0.00       0.00       0.00       0.00       0.00       0.00       0.00       0.00       0.00       0.00       0.00       0.00       0.00       0.00       0.00       0.00       0.00       0.00       0.00       0.00       0.00       0.00       0.00       0.00       0.00       0.00       0.00       0.00       0.00       0.00       0.00       0.00       0.01       0.07       0.10       0.18       0.34       0.61       1.00       1.72       2.49       3.58       4.96       7.40      12.02      17.75      23.17      31.89      37.67      44.40      53.09      59.71      66.07      71.02   
Sub-Saharan Africa (IDA & IBRD countries)             0.00       0.00       0.00       0.00       0.00       0.00       0.00       0.00       0.00       0.00       0.00       0.00       0.00       0.00       0.00       0.00       0.00       0.00       0.00       0.00       0.00       0.00       0.00       0.00       0.00       0.00       0.00       0.00       0.00       0.00       0.00       0.00       0.00       0.01       0.07       0.10       0.18       0.34       0.61       1.00       1.72       2.50       3.59       4.97       7.40      12.02      17.76      23.18      31.89      37.68      44.41      53.09      59.72      66.08      71.03   
Sudan                        0.00       0.00       0.00       0.00       0.00       0.00       0.00       0.00       0.00       0.00       0.00       0.00       0.00       0.00       0.00       0.00       0.00       0.00       0.00       0.00       0.00       0.00       0.00       0.00       0.00       0.00       0.00       0.00       0.00       0.00       0.00       0.00       0.00       0.00       0.00       0.00       0.01       0.01       0.03       0.04       0.07       0.30       0.53       1.44       2.80       4.76      11.90      20.36      28.95      36.11      41.54      68.78      74.36      72.85      72.20   
Suriname                     0.00       0.00       0.00       0.00       0.00       0.00       0.00       0.00       0.00       0.00       0.00       0.00       0.00       0.00       0.00       0.00       0.00       0.00       0.00       0.00       0.00       0.00       0.00       0.00       0.00       0.00       0.00       0.00       0.00       0.00       0.00       0.00       0.00       0.25       0.32       0.39       0.55       0.50       1.32       3.80       8.80      18.38      22.57      34.61      43.13      46.60      63.34      74.45     127.50     146.86      99.28     100.71     106.46     161.07     170.57   
Swaziland                    0.00       0.00       0.00       0.00       0.00       0.00       0.00       0.00       0.00       0.00       0.00       0.00       0.00       0.00       0.00       0.00       0.00       0.00       0.00       0.00       0.00       0.00       0.00       0.00       0.00       0.00       0.00       0.00       0.00       0.00       0.00       0.00       0.00       0.00       0.00       0.00       0.00       0.00       0.46       1.34       3.10       5.12       6.28       7.81      13.24      18.11      22.36      33.48      46.07      56.61      60.83      63.24      65.39      71.47      72.32   
Sweden                       0.00       0.00       0.00       0.00       0.00       0.00       0.00       0.00       0.00       0.00       0.00       0.00       0.00       0.00       0.00       0.00       0.00       0.00       0.00       0.00       0.00       0.24       0.33       0.44       0.69       0.87       1.34       2.06       2.87       4.10       5.39       6.59       7.56       8.86      15.71      22.75      28.16      35.77      46.37      57.83      71.82      80.76      89.20      98.43      97.81     100.82     105.69     110.46     108.44     112.13     117.16     121.22     124.57     125.53     127.84   
Switzerland                  0.00       0.00       0.00       0.00       0.00       0.00       0.00       0.00       0.00       0.00       0.00       0.00       0.00       0.00       0.00       0.00       0.00       0.00       0.00       0.00       0.00       0.00       0.00       0.00       0.00       0.00       0.00       0.08       0.47       1.10       1.87       2.59       3.16       3.74       4.77       6.37       9.39      14.73      23.88      42.84      64.73      73.27      79.21      84.91      85.43      92.25      99.39     108.52     116.25     120.40     123.16     127.38     132.06     136.78     136.68   
Syrian Arab Republic             0.00       0.00       0.00       0.00       0.00       0.00       0.00       0.00       0.00       0.00       0.00       0.00       0.00       0.00       0.00       0.00       0.00       0.00       0.00       0.00       0.00       0.00       0.00       0.00       0.00       0.00       0.00       0.00       0.00       0.00       0.00       0.00       0.00       0.00       0.00       0.00       0.00       0.00       0.00       0.03       0.18       1.20       2.35       6.85      13.27      16.24      24.86      31.87      34.68      47.65      54.32      59.24      59.30      56.13      63.86   
Tajikistan                   0.00       0.00       0.00       0.00       0.00       0.00       0.00       0.00       0.00       0.00       0.00       0.00       0.00       0.00       0.00       0.00       0.00       0.00       0.00       0.00       0.00       0.00       0.00       0.00       0.00       0.00       0.00       0.00       0.00       0.00       0.00       0.00       0.00       0.00       0.00       0.00       0.00       0.01       0.01       0.01       0.02       0.03       0.21       0.73       2.03       3.89      30.92      29.99      50.49      65.79      77.89      80.92      81.51      91.83      95.13   
Tanzania                     0.00       0.00       0.00       0.00       0.00       0.00       0.00       0.00       0.00       0.00       0.00       0.00       0.00       0.00       0.00       0.00       0.00       0.00       0.00       0.00       0.00       0.00       0.00       0.00       0.00       0.00       0.00       0.00       0.00       0.00       0.00       0.00       0.00       0.00       0.00       0.01       0.03       0.06       0.12       0.15       0.32       0.79       1.69       3.53       5.14       7.63      14.04      20.07      30.71      40.03      46.66      55.37      56.96      55.72      62.77   
Thailand                     0.00       0.00       0.00       0.00       0.00       0.00       0.00       0.00       0.00       0.00       0.00       0.00       0.00       0.00       0.00       0.00       0.00       0.00       0.00       0.00       0.00       0.00       0.00       0.00       0.00       0.00       0.00       0.01       0.03       0.07       0.11       0.22       0.43       0.71       1.26       2.20       3.10       3.66       3.25       3.80       4.90      11.97      27.35      33.52      41.43      46.46      60.90      80.17      93.43      99.51     108.02     116.33     127.29     140.05     144.44   
Timor-Leste                  0.00       0.00       0.00       0.00       0.00       0.00       0.00       0.00       0.00       0.00       0.00       0.00       0.00       0.00       0.00       0.00       0.00       0.00       0.00       0.00       0.00       0.00       0.00       0.00       0.00       0.00       0.00       0.00       0.00       0.00       0.00       0.00       0.00       0.00       0.00       0.00       0.00       0.00       0.00       0.00       0.00       0.00       0.00       2.15       2.66       3.32       4.82       7.55      11.90      32.97      43.82      56.02      55.74      57.38     119.38   
Togo                         0.00       0.00       0.00       0.00       0.00       0.00       0.00       0.00       0.00       0.00       0.00       0.00       0.00       0.00       0.00       0.00       0.00       0.00       0.00       0.00       0.00       0.00       0.00       0.00       0.00       0.00       0.00       0.00       0.00       0.00       0.00       0.00       0.00       0.00       0.00       0.00       0.00       0.07       0.16       0.36       1.03       1.90       3.22       4.63       6.16       7.83      12.45      20.40      25.88      35.60      41.27      41.64      49.86      62.53      64.58   
Tonga                        0.00       0.00       0.00       0.00       0.00       0.00       0.00       0.00       0.00       0.00       0.00       0.00       0.00       0.00       0.00       0.00       0.00       0.00       0.00       0.00       0.00       0.00       0.00       0.00       0.00       0.00       0.00       0.00       0.00       0.00       0.00       0.00       0.00       0.00       0.00       0.31       0.31       0.12       0.13       0.14       0.18       0.24       3.39      11.23      16.35      29.59      29.57      45.48      49.03      51.18      52.16      52.60      53.36      54.59      64.28   
Trinidad and Tobago             0.00       0.00       0.00       0.00       0.00       0.00       0.00       0.00       0.00       0.00       0.00       0.00       0.00       0.00       0.00       0.00       0.00       0.00       0.00       0.00       0.00       0.00       0.00       0.00       0.00       0.00       0.00       0.00       0.00       0.00       0.00       0.03       0.10       0.13       0.21       0.51       0.76       1.36       2.08       3.06      12.77      20.13      20.57      26.20      50.46      71.25     116.52     115.25     137.20     139.61     142.63     136.99     140.84     144.94     147.34   
Tunisia                      0.00       0.00       0.00       0.00       0.00       0.00       0.00       0.00       0.00       0.00       0.00       0.00       0.00       0.00       0.00       0.00       0.00       0.00       0.00       0.00       0.00       0.00       0.00       0.00       0.00       0.00       0.00       0.00       0.01       0.01       0.01       0.01       0.02       0.03       0.03       0.04       0.07       0.08       0.42       0.58       1.25       4.03       5.89      19.47      37.55      56.52      72.23      76.34      82.78      93.21     104.54     115.20     118.11     115.60     128.49   
Turkey                       0.00       0.00       0.00       0.00       0.00       0.00       0.00       0.00       0.00       0.00       0.00       0.00       0.00       0.00       0.00       0.00       0.00       0.00       0.00       0.00       0.00       0.00       0.00       0.00       0.00       0.00       0.00       0.01       0.02       0.03       0.06       0.09       0.11       0.15       0.30       0.75       1.36       2.67       5.72      13.05      25.54      30.53      35.87      42.29      51.92      64.37      76.74      89.18      93.55      88.12      85.63      89.41      91.46      92.96      94.79   
Turkmenistan                 0.00       0.00       0.00       0.00       0.00       0.00       0.00       0.00       0.00       0.00       0.00       0.00       0.00       0.00       0.00       0.00       0.00       0.00       0.00       0.00       0.00       0.00       0.00       0.00       0.00       0.00       0.00       0.00       0.00       0.00       0.00       0.00       0.00       0.00       0.00       0.00       0.00       0.06       0.07       0.09       0.17       0.18       0.18       0.20       1.07       2.21       4.52       7.86      23.08      42.84      63.42     103.79     114.06     116.89     135.78   
Turks and Caicos Islands             0.00       0.00       0.00       0.00       0.00       0.00       0.00       0.00       0.00       0.00       0.00       0.00       0.00       0.00       0.00       0.00       0.00       0.00       0.00       0.00       0.00       0.00       0.00       0.00       0.00       0.00       0.00       0.00       0.00       0.00       0.00       0.00       0.00       0.00       0.00       0.00       0.00       0.00       0.00       0.00       0.00       0.00       0.00       0.00       0.00       0.00       0.00       0.00       0.00       0.00       0.00       0.00       0.00       0.00       0.00   
Tuvalu                       0.00       0.00       0.00       0.00       0.00       0.00       0.00       0.00       0.00       0.00       0.00       0.00       0.00       0.00       0.00       0.00       0.00       0.00       0.00       0.00       0.00       0.00       0.00       0.00       0.00       0.00       0.00       0.00       0.00       0.00       0.00       0.00       0.00       0.00       0.00       0.00       0.00       0.00       0.00       0.00       0.00       0.00       0.00       0.00       5.18      13.41      16.44      18.44       0.00      10.20      16.28      21.64      28.40      34.43      38.41   
Uganda                       0.00       0.00       0.00       0.00       0.00       0.00       0.00       0.00       0.00       0.00       0.00       0.00       0.00       0.00       0.00       0.00       0.00       0.00       0.00       0.00       0.00       0.00       0.00       0.00       0.00       0.00       0.00       0.00       0.00       0.00       0.00       0.00       0.00       0.00       0.00       0.01       0.02       0.02       0.13       0.24       0.52       1.13       1.52       2.89       4.20       4.58       6.76      13.65      26.92      28.55      37.74      47.50      45.00      48.08      52.43   
Ukraine                      0.00       0.00       0.00       0.00       0.00       0.00       0.00       0.00       0.00       0.00       0.00       0.00       0.00       0.00       0.00       0.00       0.00       0.00       0.00       0.00       0.00       0.00       0.00       0.00       0.00       0.00       0.00       0.00       0.00       0.00       0.00       0.00       0.00       0.00       0.01       0.03       0.06       0.11       0.23       0.44       1.67       4.58       7.66      13.59      28.95      63.67     104.70     118.41     119.84     118.75     117.11     121.34     130.34     138.06     144.08   
United Arab Emirates             0.00       0.00       0.00       0.00       0.00       0.00       0.00       0.00       0.00       0.00       0.00       0.00       0.00       0.00       0.00       0.00       0.00       0.00       0.00       0.00       0.00       0.00       0.20       0.29       0.39       0.59       0.78       0.91       0.86       1.46       1.86       2.25       2.43       3.33       4.10       5.50       7.84      11.86      17.91      28.76      47.19      60.96      75.31      88.22     100.67     109.29     113.20     133.36     137.64     138.27     129.43     131.40     149.64     171.87     178.06   
United Kingdom               0.00       0.00       0.00       0.00       0.00       0.00       0.00       0.00       0.00       0.00       0.00       0.00       0.00       0.00       0.00       0.00       0.00       0.00       0.00       0.00       0.00       0.00       0.00       0.00       0.00       0.09       0.23       0.51       0.98       1.71       1.95       2.20       2.62       3.93       6.81       9.89      12.46      15.15      25.42      46.28      73.71      78.20      82.83      90.88      99.51     108.59     115.60     121.10     122.19     123.95     123.63     123.60     124.76     124.61     123.58   
United States                0.00       0.00       0.00       0.00       0.00       0.00       0.00       0.00       0.00       0.00       0.00       0.00       0.00       0.00       0.00       0.00       0.00       0.00       0.00       0.00       0.00       0.00       0.00       0.00       0.04       0.14       0.28       0.50       0.83       1.39       2.08       2.94       4.25       6.10       9.10      12.60      16.24      20.14      24.89      30.58      38.47      44.69      48.85      54.85      62.55      68.32      76.29      82.06      85.21      88.62      91.31      94.44      96.01      97.08     110.20   
Upper middle income             0.00       0.00       0.00       0.00       0.00       0.00       0.00       0.00       0.00       0.00       0.00       0.00       0.00       0.00       0.00       0.00       0.00       0.00       0.00       0.00       0.00       0.00       0.00       0.00       0.00       0.00       0.00       0.00       0.00       0.01       0.01       0.03       0.06       0.11       0.24       0.47       0.81       1.45       2.41       4.37       7.81      12.11      16.75      22.00      29.33      38.23      46.63      56.03      65.41      73.49      80.75      87.73      94.47     101.72     104.24   
Uruguay                      0.00       0.00       0.00       0.00       0.00       0.00       0.00       0.00       0.00       0.00       0.00       0.00       0.00       0.00       0.00       0.00       0.00       0.00       0.00       0.00       0.00       0.00       0.00       0.00       0.00       0.00       0.00       0.00       0.00       0.00       0.00       0.00       0.05       0.16       0.21       1.24       2.42       3.03       4.60       9.64      12.37      15.63      15.43      14.96      18.04      34.73      69.97      89.99     104.75     122.35     131.59     140.61     147.13     154.62     160.80   
Uzbekistan                   0.00       0.00       0.00       0.00       0.00       0.00       0.00       0.00       0.00       0.00       0.00       0.00       0.00       0.00       0.00       0.00       0.00       0.00       0.00       0.00       0.00       0.00       0.00       0.00       0.00       0.00       0.00       0.00       0.00       0.00       0.00       0.00       0.00       0.00       0.00       0.02       0.04       0.07       0.11       0.16       0.21       0.51       0.74       1.26       2.11       2.76       9.61      21.34      45.79      59.94      75.45      90.37      71.03      74.31      78.42   
Vanuatu                      0.00       0.00       0.00       0.00       0.00       0.00       0.00       0.00       0.00       0.00       0.00       0.00       0.00       0.00       0.00       0.00       0.00       0.00       0.00       0.00       0.00       0.00       0.00       0.00       0.00       0.00       0.00       0.00       0.00       0.00       0.00       0.00       0.00       0.00       0.04       0.07       0.09       0.12       0.12       0.17       0.20       0.18       2.53       3.92       5.15       6.06       6.99      11.82      15.97      57.05      71.92      56.65      59.08      50.34      60.41   
"Venezuela, RB"              0.00       0.00       0.00       0.00       0.00       0.00       0.00       0.00       0.00       0.00       0.00       0.00       0.00       0.00       0.00       0.00       0.00       0.00       0.00       0.00       0.00       0.00       0.00       0.00       0.00       0.00       0.00       0.00       0.01       0.02       0.04       0.08       0.38       0.86       1.48       1.83       2.58       4.66       8.56      15.81      22.32      26.03      25.82      27.19      32.07      46.76      69.10      86.13      97.49      98.39      96.00      97.56     102.05     101.61      98.95   
Vietnam                      0.00       0.00       0.00       0.00       0.00       0.00       0.00       0.00       0.00       0.00       0.00       0.00       0.00       0.00       0.00       0.00       0.00       0.00       0.00       0.00       0.00       0.00       0.00       0.00       0.00       0.00       0.00       0.00       0.00       0.00       0.00       0.00       0.00       0.01       0.02       0.03       0.09       0.21       0.28       0.41       0.97       1.53       2.30       3.29       5.89      11.29      22.03      52.02      85.70     111.37     125.29     141.60     145.02     134.97     147.11   
Virgin Islands (U.S.)             0.00       0.00       0.00       0.00       0.00       0.00       0.00       0.00       0.00       0.00       0.00       0.00       0.00       0.00       0.00       0.00       0.00       0.00       0.00       0.00       0.00       0.00       0.00       0.00       0.00       0.00       0.00       0.00       0.00       0.00       0.00       0.00       0.00       0.00       0.00       0.00       0.00      14.81      23.09      27.67      32.25      37.78      41.64      45.54      59.43      74.51       0.00       0.00       0.00       0.00       0.00       0.00       0.00       0.00       0.00   
West Bank and Gaza             0.00       0.00       0.00       0.00       0.00       0.00       0.00       0.00       0.00       0.00       0.00       0.00       0.00       0.00       0.00       0.00       0.00       0.00       0.00       0.00       0.00       0.00       0.00       0.00       0.00       0.00       0.00       0.00       0.00       0.00       0.00       0.00       0.00       0.00       0.00       0.00       0.00       0.00       0.00       0.00       0.22       5.35       7.48       7.71      12.51      15.94      22.58      27.42      34.43      45.99      64.88      70.12      74.30      73.74      72.08   
World                        0.00       0.00       0.00       0.00       0.00       0.00       0.00       0.00       0.00       0.00       0.00       0.00       0.00       0.00       0.00       0.00       0.00       0.00       0.00       0.00       0.00       0.00       0.00       0.00       0.01       0.02       0.03       0.05       0.08       0.14       0.21       0.30       0.43       0.62       0.99       1.59       2.50       3.66       5.34       8.14      12.08      15.53      18.58      22.31      27.40      33.91      41.76      50.53      59.71      67.90      76.57      84.28      88.56      93.18      96.89   
"Yemen, Rep."                0.00       0.00       0.00       0.00       0.00       0.00       0.00       0.00       0.00       0.00       0.00       0.00       0.00       0.00       0.00       0.00       0.00       0.00       0.00       0.00       0.00       0.00       0.00       0.00       0.00       0.00       0.00       0.00       0.00       0.00       0.00       0.00       0.01       0.04       0.06       0.05       0.06       0.08       0.10       0.16       0.18       0.82       2.62       3.54       7.53      11.31      14.41      20.53      29.70      37.40      48.70      50.07      58.28      69.01      68.49   
Zambia                       0.00       0.00       0.00       0.00       0.00       0.00       0.00       0.00       0.00       0.00       0.00       0.00       0.00       0.00       0.00       0.00       0.00       0.00       0.00       0.00       0.00       0.00       0.00       0.00       0.00       0.00       0.00       0.00       0.00       0.00       0.00       0.00       0.00       0.00       0.00       0.02       0.03       0.05       0.09       0.29       0.98       1.17       1.31       2.21       4.16       8.28      14.12      21.79      28.41      34.36      41.21      59.88      74.78      71.50      67.34   
Zimbabwe                     0.00       0.00       0.00       0.00       0.00       0.00       0.00       0.00       0.00       0.00       0.00       0.00       0.00       0.00       0.00       0.00       0.00       0.00       0.00       0.00       0.00       0.00       0.00       0.00       0.00       0.00       0.00       0.00       0.00       0.00       0.00       0.00       0.00       0.00       0.00       0.00       0.00       0.05       0.16       1.40       2.13       2.49       2.68       2.87       3.35       5.09       6.67       9.62      12.94      30.96      58.88      68.87      91.91      96.35      80.82   
Requesting subscriptions for "Albania" between 2005 - 2014. 
Country is Albania , subscriptions from 2005 to 2014		
 The output is:
Total subscriptions = 834.47 

Requesting subscriptions for "Algeria" between 1960 - 2014. 
Country is Algeria , subscriptions from 1960 to 2014		
 The output is:
Total subscriptions = 840.65 

Requesting subscriptions for "Afghanistan" between 1960 - 2014. 
Country is Afghanistan , subscriptions from 1960 to 2014		
 The output is:
Total subscriptions = 420.07 

Requesting subscriptions for ""Hong Kong SAR, China"" between 1950 - 2014. 
Warning: out of range of start year has been set to default start year: 1960
Country is "Hong Kong SAR, China" , subscriptions from 1950 to 2014		
 The output is:
Total subscriptions = 2561.16 


Done with TestCSVReader.



---------------------------------------------------
---------------------------------------------------
Test file: resources/cellular_short_oneDecade - Copy.csv

NOTES: error input in wrong country number 
---------------------------------------------------



Warning: Data input Fail, please check your data first. Program automatically Stopped
 possible wrong data: 
 1). Number of Countries 
 2). Country year didn't match the data number
 3). The format of data doesn't fit the standard format.

 
 