cellular.csv
-----------------------------------------------------
-----------------------------------------------------
Test file: resources/cellular.csv

NOTES: initialize the list
-----------------------------------------------------

How many countries do you want to add to the list?
4
Adding country with name Syrian Arab Republic to the end of the list.
Adding country with name Sao Tome and Principe to the end of the list.
Adding country with name Cuba to the end of the list.
Adding country with name Pacific island small states to the end of the list.

List of countries: 
Syrian Arab Republic 0.0 0.0 0.0 0.0 0.0 0.0 0.0 0.0 0.0 0.0 0.0 0.0 0.0 0.0 0.0 0.0 0.0 0.0 0.0 0.0 0.0 0.0 0.0 0.0 0.0 0.0 0.0 0.0 0.0 0.0 0.0 0.0 0.0 0.0 0.0 0.0 0.0 0.0 0.0 0.025006627 0.183248542 1.197534229 2.353678293 6.850314444 13.27222453 16.23790613 24.86052316 31.87224564 34.6807165 47.65156589 54.31752074 59.24043734 59.29734384 56.12894219 63.85589141
Sao Tome and Principe 0.0 0.0 0.0 0.0 0.0 0.0 0.0 0.0 0.0 0.0 0.0 0.0 0.0 0.0 0.0 0.0 0.0 0.0 0.0 0.0 0.0 0.0 0.0 0.0 0.0 0.0 0.0 0.0 0.0 0.0 0.0 0.0 0.0 0.0 0.0 0.0 0.0 0.0 0.0 0.0 0.0 0.0 1.370744979 3.268115696 5.134511608 7.730815251 11.60157677 18.42156803 30.04463516 46.65723851 57.63965258 62.8015526 64.95124882 64.93966102 64.93769014
Cuba 0.0 0.0 0.0 0.0 0.0 0.0 0.0 0.0 0.0 0.0 0.0 0.0 0.0 0.0 0.0 0.0 0.0 0.0 0.0 0.0 0.0 0.0 0.0 0.0 0.0 0.0 0.0 0.0 0.0 0.0 0.0 0.0 0.002175148 0.00462041 0.010589381 0.017736898 0.022102299 0.027158313 0.036659711 0.046263685 0.058679798 0.076766381 0.159211568 0.314389406 0.672354824 1.200257384 1.351328632 1.75418261 2.936664083 5.502396795 8.890583462 11.66313248 14.92016162 17.71492741 22.47839584
Pacific island small states 0.0 0.0 0.0 0.0 0.0 0.0 0.0 0.0 0.0 0.0 0.0 0.0 0.0 0.0 0.0 0.0 0.0 0.0 0.0 0.0 0.0 0.0 0.0 0.0 0.0 0.0 0.0 0.0 0.0 0.0 0.0 0.0 0.0 0.008502225 0.11355962 0.198267314 0.29503835 0.43557101 0.618786265 1.508675875 3.149027738 4.44693504 5.28667178 7.509857497 10.13982581 14.57591762 20.23444922 35.92176466 39.92196465 47.91501056 55.12835504 63.11978863 69.55320621 72.18485011 74.42490643



-----------------------------------------------------
-----------------------------------------------------
Test file: resources/cellular.csv

NOTES: test the Copy() works without error ;
-----------------------------------------------------

Testing copying listOfCountries object...
Before modifying copied list.
original list: 
Syrian Arab Republic 0.0 0.0 0.0 0.0 0.0 0.0 0.0 0.0 0.0 0.0 0.0 0.0 0.0 0.0 0.0 0.0 0.0 0.0 0.0 0.0 0.0 0.0 0.0 0.0 0.0 0.0 0.0 0.0 0.0 0.0 0.0 0.0 0.0 0.0 0.0 0.0 0.0 0.0 0.0 0.025006627 0.183248542 1.197534229 2.353678293 6.850314444 13.27222453 16.23790613 24.86052316 31.87224564 34.6807165 47.65156589 54.31752074 59.24043734 59.29734384 56.12894219 63.85589141
Sao Tome and Principe 0.0 0.0 0.0 0.0 0.0 0.0 0.0 0.0 0.0 0.0 0.0 0.0 0.0 0.0 0.0 0.0 0.0 0.0 0.0 0.0 0.0 0.0 0.0 0.0 0.0 0.0 0.0 0.0 0.0 0.0 0.0 0.0 0.0 0.0 0.0 0.0 0.0 0.0 0.0 0.0 0.0 0.0 1.370744979 3.268115696 5.134511608 7.730815251 11.60157677 18.42156803 30.04463516 46.65723851 57.63965258 62.8015526 64.95124882 64.93966102 64.93769014
Cuba 0.0 0.0 0.0 0.0 0.0 0.0 0.0 0.0 0.0 0.0 0.0 0.0 0.0 0.0 0.0 0.0 0.0 0.0 0.0 0.0 0.0 0.0 0.0 0.0 0.0 0.0 0.0 0.0 0.0 0.0 0.0 0.0 0.002175148 0.00462041 0.010589381 0.017736898 0.022102299 0.027158313 0.036659711 0.046263685 0.058679798 0.076766381 0.159211568 0.314389406 0.672354824 1.200257384 1.351328632 1.75418261 2.936664083 5.502396795 8.890583462 11.66313248 14.92016162 17.71492741 22.47839584
Pacific island small states 0.0 0.0 0.0 0.0 0.0 0.0 0.0 0.0 0.0 0.0 0.0 0.0 0.0 0.0 0.0 0.0 0.0 0.0 0.0 0.0 0.0 0.0 0.0 0.0 0.0 0.0 0.0 0.0 0.0 0.0 0.0 0.0 0.0 0.008502225 0.11355962 0.198267314 0.29503835 0.43557101 0.618786265 1.508675875 3.149027738 4.44693504 5.28667178 7.509857497 10.13982581 14.57591762 20.23444922 35.92176466 39.92196465 47.91501056 55.12835504 63.11978863 69.55320621 72.18485011 74.42490643


copied list: 
Syrian Arab Republic 0.0 0.0 0.0 0.0 0.0 0.0 0.0 0.0 0.0 0.0 0.0 0.0 0.0 0.0 0.0 0.0 0.0 0.0 0.0 0.0 0.0 0.0 0.0 0.0 0.0 0.0 0.0 0.0 0.0 0.0 0.0 0.0 0.0 0.0 0.0 0.0 0.0 0.0 0.0 0.025006627 0.183248542 1.197534229 2.353678293 6.850314444 13.27222453 16.23790613 24.86052316 31.87224564 34.6807165 47.65156589 54.31752074 59.24043734 59.29734384 56.12894219 63.85589141
Sao Tome and Principe 0.0 0.0 0.0 0.0 0.0 0.0 0.0 0.0 0.0 0.0 0.0 0.0 0.0 0.0 0.0 0.0 0.0 0.0 0.0 0.0 0.0 0.0 0.0 0.0 0.0 0.0 0.0 0.0 0.0 0.0 0.0 0.0 0.0 0.0 0.0 0.0 0.0 0.0 0.0 0.0 0.0 0.0 1.370744979 3.268115696 5.134511608 7.730815251 11.60157677 18.42156803 30.04463516 46.65723851 57.63965258 62.8015526 64.95124882 64.93966102 64.93769014
Cuba 0.0 0.0 0.0 0.0 0.0 0.0 0.0 0.0 0.0 0.0 0.0 0.0 0.0 0.0 0.0 0.0 0.0 0.0 0.0 0.0 0.0 0.0 0.0 0.0 0.0 0.0 0.0 0.0 0.0 0.0 0.0 0.0 0.002175148 0.00462041 0.010589381 0.017736898 0.022102299 0.027158313 0.036659711 0.046263685 0.058679798 0.076766381 0.159211568 0.314389406 0.672354824 1.200257384 1.351328632 1.75418261 2.936664083 5.502396795 8.890583462 11.66313248 14.92016162 17.71492741 22.47839584
Pacific island small states 0.0 0.0 0.0 0.0 0.0 0.0 0.0 0.0 0.0 0.0 0.0 0.0 0.0 0.0 0.0 0.0 0.0 0.0 0.0 0.0 0.0 0.0 0.0 0.0 0.0 0.0 0.0 0.0 0.0 0.0 0.0 0.0 0.0 0.008502225 0.11355962 0.198267314 0.29503835 0.43557101 0.618786265 1.508675875 3.149027738 4.44693504 5.28667178 7.509857497 10.13982581 14.57591762 20.23444922 35.92176466 39.92196465 47.91501056 55.12835504 63.11978863 69.55320621 72.18485011 74.42490643


-----------------------------------------------------
-----------------------------------------------------
Test file: resources/cellular.csv

NOTES: -Test if the name modify can affect the original list 
-----------------------------------------------------
Which index in the list do you want to modify the name?
2
replace the previous country name Cubawith the 'Other Country in the list' in the index 2
original list: Syrian Arab Republic 0.0 0.0 0.0 0.0 0.0 0.0 0.0 0.0 0.0 0.0 0.0 0.0 0.0 0.0 0.0 0.0 0.0 0.0 0.0 0.0 0.0 0.0 0.0 0.0 0.0 0.0 0.0 0.0 0.0 0.0 0.0 0.0 0.0 0.0 0.0 0.0 0.0 0.0 0.0 0.025006627 0.183248542 1.197534229 2.353678293 6.850314444 13.27222453 16.23790613 24.86052316 31.87224564 34.6807165 47.65156589 54.31752074 59.24043734 59.29734384 56.12894219 63.85589141
Sao Tome and Principe 0.0 0.0 0.0 0.0 0.0 0.0 0.0 0.0 0.0 0.0 0.0 0.0 0.0 0.0 0.0 0.0 0.0 0.0 0.0 0.0 0.0 0.0 0.0 0.0 0.0 0.0 0.0 0.0 0.0 0.0 0.0 0.0 0.0 0.0 0.0 0.0 0.0 0.0 0.0 0.0 0.0 0.0 1.370744979 3.268115696 5.134511608 7.730815251 11.60157677 18.42156803 30.04463516 46.65723851 57.63965258 62.8015526 64.95124882 64.93966102 64.93769014
Cuba 0.0 0.0 0.0 0.0 0.0 0.0 0.0 0.0 0.0 0.0 0.0 0.0 0.0 0.0 0.0 0.0 0.0 0.0 0.0 0.0 0.0 0.0 0.0 0.0 0.0 0.0 0.0 0.0 0.0 0.0 0.0 0.0 0.002175148 0.00462041 0.010589381 0.017736898 0.022102299 0.027158313 0.036659711 0.046263685 0.058679798 0.076766381 0.159211568 0.314389406 0.672354824 1.200257384 1.351328632 1.75418261 2.936664083 5.502396795 8.890583462 11.66313248 14.92016162 17.71492741 22.47839584
Pacific island small states 0.0 0.0 0.0 0.0 0.0 0.0 0.0 0.0 0.0 0.0 0.0 0.0 0.0 0.0 0.0 0.0 0.0 0.0 0.0 0.0 0.0 0.0 0.0 0.0 0.0 0.0 0.0 0.0 0.0 0.0 0.0 0.0 0.0 0.008502225 0.11355962 0.198267314 0.29503835 0.43557101 0.618786265 1.508675875 3.149027738 4.44693504 5.28667178 7.509857497 10.13982581 14.57591762 20.23444922 35.92176466 39.92196465 47.91501056 55.12835504 63.11978863 69.55320621 72.18485011 74.42490643


copied list: Syrian Arab Republic 0.0 0.0 0.0 0.0 0.0 0.0 0.0 0.0 0.0 0.0 0.0 0.0 0.0 0.0 0.0 0.0 0.0 0.0 0.0 0.0 0.0 0.0 0.0 0.0 0.0 0.0 0.0 0.0 0.0 0.0 0.0 0.0 0.0 0.0 0.0 0.0 0.0 0.0 0.0 0.025006627 0.183248542 1.197534229 2.353678293 6.850314444 13.27222453 16.23790613 24.86052316 31.87224564 34.6807165 47.65156589 54.31752074 59.24043734 59.29734384 56.12894219 63.85589141
Sao Tome and Principe 0.0 0.0 0.0 0.0 0.0 0.0 0.0 0.0 0.0 0.0 0.0 0.0 0.0 0.0 0.0 0.0 0.0 0.0 0.0 0.0 0.0 0.0 0.0 0.0 0.0 0.0 0.0 0.0 0.0 0.0 0.0 0.0 0.0 0.0 0.0 0.0 0.0 0.0 0.0 0.0 0.0 0.0 1.370744979 3.268115696 5.134511608 7.730815251 11.60157677 18.42156803 30.04463516 46.65723851 57.63965258 62.8015526 64.95124882 64.93966102 64.93769014
Pacific island small states 0.0 0.0 0.0 0.0 0.0 0.0 0.0 0.0 0.0 0.0 0.0 0.0 0.0 0.0 0.0 0.0 0.0 0.0 0.0 0.0 0.0 0.0 0.0 0.0 0.0 0.0 0.0 0.0 0.0 0.0 0.0 0.0 0.0 0.008502225 0.11355962 0.198267314 0.29503835 0.43557101 0.618786265 1.508675875 3.149027738 4.44693504 5.28667178 7.509857497 10.13982581 14.57591762 20.23444922 35.92176466 39.92196465 47.91501056 55.12835504 63.11978863 69.55320621 72.18485011 74.42490643
Pacific island small states 0.0 0.0 0.0 0.0 0.0 0.0 0.0 0.0 0.0 0.0 0.0 0.0 0.0 0.0 0.0 0.0 0.0 0.0 0.0 0.0 0.0 0.0 0.0 0.0 0.0 0.0 0.0 0.0 0.0 0.0 0.0 0.0 0.0 0.008502225 0.11355962 0.198267314 0.29503835 0.43557101 0.618786265 1.508675875 3.149027738 4.44693504 5.28667178 7.509857497 10.13982581 14.57591762 20.23444922 35.92176466 39.92196465 47.91501056 55.12835504 63.11978863 69.55320621 72.18485011 74.42490643


-----------------------------------------------------
-----------------------------------------------------
Test file: resources/cellular.csv

NOTES: Test if changing the subscription affect the original list 
-----------------------------------------------------
Which index in the list do you want to modify the subscriptions?
2
Reset the 3 country's first three subscriptions 
original list: Syrian Arab Republic 0.0 0.0 0.0 0.0 0.0 0.0 0.0 0.0 0.0 0.0 0.0 0.0 0.0 0.0 0.0 0.0 0.0 0.0 0.0 0.0 0.0 0.0 0.0 0.0 0.0 0.0 0.0 0.0 0.0 0.0 0.0 0.0 0.0 0.0 0.0 0.0 0.0 0.0 0.0 0.025006627 0.183248542 1.197534229 2.353678293 6.850314444 13.27222453 16.23790613 24.86052316 31.87224564 34.6807165 47.65156589 54.31752074 59.24043734 59.29734384 56.12894219 63.85589141
Sao Tome and Principe 0.0 0.0 0.0 0.0 0.0 0.0 0.0 0.0 0.0 0.0 0.0 0.0 0.0 0.0 0.0 0.0 0.0 0.0 0.0 0.0 0.0 0.0 0.0 0.0 0.0 0.0 0.0 0.0 0.0 0.0 0.0 0.0 0.0 0.0 0.0 0.0 0.0 0.0 0.0 0.0 0.0 0.0 1.370744979 3.268115696 5.134511608 7.730815251 11.60157677 18.42156803 30.04463516 46.65723851 57.63965258 62.8015526 64.95124882 64.93966102 64.93769014
Cuba 0.0 0.0 0.0 0.0 0.0 0.0 0.0 0.0 0.0 0.0 0.0 0.0 0.0 0.0 0.0 0.0 0.0 0.0 0.0 0.0 0.0 0.0 0.0 0.0 0.0 0.0 0.0 0.0 0.0 0.0 0.0 0.0 0.002175148 0.00462041 0.010589381 0.017736898 0.022102299 0.027158313 0.036659711 0.046263685 0.058679798 0.076766381 0.159211568 0.314389406 0.672354824 1.200257384 1.351328632 1.75418261 2.936664083 5.502396795 8.890583462 11.66313248 14.92016162 17.71492741 22.47839584
Pacific island small states 0.0 0.0 0.0 0.0 0.0 0.0 0.0 0.0 0.0 0.0 0.0 0.0 0.0 0.0 0.0 0.0 0.0 0.0 0.0 0.0 0.0 0.0 0.0 0.0 0.0 0.0 0.0 0.0 0.0 0.0 0.0 0.0 0.0 0.008502225 0.11355962 0.198267314 0.29503835 0.43557101 0.618786265 1.508675875 3.149027738 4.44693504 5.28667178 7.509857497 10.13982581 14.57591762 20.23444922 35.92176466 39.92196465 47.91501056 55.12835504 63.11978863 69.55320621 72.18485011 74.42490643

copied list: Syrian Arab Republic 0.0 0.0 0.0 0.0 0.0 0.0 0.0 0.0 0.0 0.0 0.0 0.0 0.0 0.0 0.0 0.0 0.0 0.0 0.0 0.0 0.0 0.0 0.0 0.0 0.0 0.0 0.0 0.0 0.0 0.0 0.0 0.0 0.0 0.0 0.0 0.0 0.0 0.0 0.0 0.025006627 0.183248542 1.197534229 2.353678293 6.850314444 13.27222453 16.23790613 24.86052316 31.87224564 34.6807165 47.65156589 54.31752074 59.24043734 59.29734384 56.12894219 63.85589141
Sao Tome and Principe 0.0 0.0 0.0 0.0 0.0 0.0 0.0 0.0 0.0 0.0 0.0 0.0 0.0 0.0 0.0 0.0 0.0 0.0 0.0 0.0 0.0 0.0 0.0 0.0 0.0 0.0 0.0 0.0 0.0 0.0 0.0 0.0 0.0 0.0 0.0 0.0 0.0 0.0 0.0 0.0 0.0 0.0 1.370744979 3.268115696 5.134511608 7.730815251 11.60157677 18.42156803 30.04463516 46.65723851 57.63965258 62.8015526 64.95124882 64.93966102 64.93769014
Cuba 123.0 321.0 1234567.0 0.0 0.0 0.0 0.0 0.0 0.0 0.0 0.0 0.0 0.0 0.0 0.0 0.0 0.0 0.0 0.0 0.0 0.0 0.0 0.0 0.0 0.0 0.0 0.0 0.0 0.0 0.0 0.0 0.0 0.002175148 0.00462041 0.010589381 0.017736898 0.022102299 0.027158313 0.036659711 0.046263685 0.058679798 0.076766381 0.159211568 0.314389406 0.672354824 1.200257384 1.351328632 1.75418261 2.936664083 5.502396795 8.890583462 11.66313248 14.92016162 17.71492741 22.47839584
Pacific island small states 0.0 0.0 0.0 0.0 0.0 0.0 0.0 0.0 0.0 0.0 0.0 0.0 0.0 0.0 0.0 0.0 0.0 0.0 0.0 0.0 0.0 0.0 0.0 0.0 0.0 0.0 0.0 0.0 0.0 0.0 0.0 0.0 0.0 0.008502225 0.11355962 0.198267314 0.29503835 0.43557101 0.618786265 1.508675875 3.149027738 4.44693504 5.28667178 7.509857497 10.13982581 14.57591762 20.23444922 35.92176466 39.92196465 47.91501056 55.12835504 63.11978863 69.55320621 72.18485011 74.42490643


-----------------------------------------------------
-----------------------------------------------------
Test file: resources/cellular.csv

NOTES: Test for changing the country object in the list 
					1. Albania
					2. Just Test

-----------------------------------------------------
Replaced index 2 with country named Albania
original list: Syrian Arab Republic 0.0 0.0 0.0 0.0 0.0 0.0 0.0 0.0 0.0 0.0 0.0 0.0 0.0 0.0 0.0 0.0 0.0 0.0 0.0 0.0 0.0 0.0 0.0 0.0 0.0 0.0 0.0 0.0 0.0 0.0 0.0 0.0 0.0 0.0 0.0 0.0 0.0 0.0 0.0 0.025006627 0.183248542 1.197534229 2.353678293 6.850314444 13.27222453 16.23790613 24.86052316 31.87224564 34.6807165 47.65156589 54.31752074 59.24043734 59.29734384 56.12894219 63.85589141
Sao Tome and Principe 0.0 0.0 0.0 0.0 0.0 0.0 0.0 0.0 0.0 0.0 0.0 0.0 0.0 0.0 0.0 0.0 0.0 0.0 0.0 0.0 0.0 0.0 0.0 0.0 0.0 0.0 0.0 0.0 0.0 0.0 0.0 0.0 0.0 0.0 0.0 0.0 0.0 0.0 0.0 0.0 0.0 0.0 1.370744979 3.268115696 5.134511608 7.730815251 11.60157677 18.42156803 30.04463516 46.65723851 57.63965258 62.8015526 64.95124882 64.93966102 64.93769014
Cuba 0.0 0.0 0.0 0.0 0.0 0.0 0.0 0.0 0.0 0.0 0.0 0.0 0.0 0.0 0.0 0.0 0.0 0.0 0.0 0.0 0.0 0.0 0.0 0.0 0.0 0.0 0.0 0.0 0.0 0.0 0.0 0.0 0.002175148 0.00462041 0.010589381 0.017736898 0.022102299 0.027158313 0.036659711 0.046263685 0.058679798 0.076766381 0.159211568 0.314389406 0.672354824 1.200257384 1.351328632 1.75418261 2.936664083 5.502396795 8.890583462 11.66313248 14.92016162 17.71492741 22.47839584
Pacific island small states 0.0 0.0 0.0 0.0 0.0 0.0 0.0 0.0 0.0 0.0 0.0 0.0 0.0 0.0 0.0 0.0 0.0 0.0 0.0 0.0 0.0 0.0 0.0 0.0 0.0 0.0 0.0 0.0 0.0 0.0 0.0 0.0 0.0 0.008502225 0.11355962 0.198267314 0.29503835 0.43557101 0.618786265 1.508675875 3.149027738 4.44693504 5.28667178 7.509857497 10.13982581 14.57591762 20.23444922 35.92176466 39.92196465 47.91501056 55.12835504 63.11978863 69.55320621 72.18485011 74.42490643

copied list: Syrian Arab Republic 0.0 0.0 0.0 0.0 0.0 0.0 0.0 0.0 0.0 0.0 0.0 0.0 0.0 0.0 0.0 0.0 0.0 0.0 0.0 0.0 0.0 0.0 0.0 0.0 0.0 0.0 0.0 0.0 0.0 0.0 0.0 0.0 0.0 0.0 0.0 0.0 0.0 0.0 0.0 0.025006627 0.183248542 1.197534229 2.353678293 6.850314444 13.27222453 16.23790613 24.86052316 31.87224564 34.6807165 47.65156589 54.31752074 59.24043734 59.29734384 56.12894219 63.85589141
Sao Tome and Principe 0.0 0.0 0.0 0.0 0.0 0.0 0.0 0.0 0.0 0.0 0.0 0.0 0.0 0.0 0.0 0.0 0.0 0.0 0.0 0.0 0.0 0.0 0.0 0.0 0.0 0.0 0.0 0.0 0.0 0.0 0.0 0.0 0.0 0.0 0.0 0.0 0.0 0.0 0.0 0.0 0.0 0.0 1.370744979 3.268115696 5.134511608 7.730815251 11.60157677 18.42156803 30.04463516 46.65723851 57.63965258 62.8015526 64.95124882 64.93966102 64.93769014
Albania 0.0 0.0 0.0 0.0 0.0 0.0 0.0 0.0 0.0 0.0 0.0 0.0 0.0 0.0 0.0 0.0 0.0 0.0 0.0 0.0 0.0 0.0 0.0 0.0 0.0 0.0 0.0 0.0 0.0 0.0 0.0 0.0 0.0 0.0 0.0 0.0 0.068840778 0.099059921 0.168397958 0.331772024 0.901406013 11.94887288 26.07553141 33.95706284 39.16395669 47.87802749 60.06734238 73.35038415 58.91235149 78.1845877 85.468247 98.29153459 110.6865316 116.1572081 105.4699657
Pacific island small states 0.0 0.0 0.0 0.0 0.0 0.0 0.0 0.0 0.0 0.0 0.0 0.0 0.0 0.0 0.0 0.0 0.0 0.0 0.0 0.0 0.0 0.0 0.0 0.0 0.0 0.0 0.0 0.0 0.0 0.0 0.0 0.0 0.0 0.008502225 0.11355962 0.198267314 0.29503835 0.43557101 0.618786265 1.508675875 3.149027738 4.44693504 5.28667178 7.509857497 10.13982581 14.57591762 20.23444922 35.92176466 39.92196465 47.91501056 55.12835504 63.11978863 69.55320621 72.18485011 74.42490643


Which index in the list do you want to replace?
2
Generate a Country Object with desgined subscriptions
original list: Syrian Arab Republic 0.0 0.0 0.0 0.0 0.0 0.0 0.0 0.0 0.0 0.0 0.0 0.0 0.0 0.0 0.0 0.0 0.0 0.0 0.0 0.0 0.0 0.0 0.0 0.0 0.0 0.0 0.0 0.0 0.0 0.0 0.0 0.0 0.0 0.0 0.0 0.0 0.0 0.0 0.0 0.025006627 0.183248542 1.197534229 2.353678293 6.850314444 13.27222453 16.23790613 24.86052316 31.87224564 34.6807165 47.65156589 54.31752074 59.24043734 59.29734384 56.12894219 63.85589141
Sao Tome and Principe 0.0 0.0 0.0 0.0 0.0 0.0 0.0 0.0 0.0 0.0 0.0 0.0 0.0 0.0 0.0 0.0 0.0 0.0 0.0 0.0 0.0 0.0 0.0 0.0 0.0 0.0 0.0 0.0 0.0 0.0 0.0 0.0 0.0 0.0 0.0 0.0 0.0 0.0 0.0 0.0 0.0 0.0 1.370744979 3.268115696 5.134511608 7.730815251 11.60157677 18.42156803 30.04463516 46.65723851 57.63965258 62.8015526 64.95124882 64.93966102 64.93769014
Cuba 0.0 0.0 0.0 0.0 0.0 0.0 0.0 0.0 0.0 0.0 0.0 0.0 0.0 0.0 0.0 0.0 0.0 0.0 0.0 0.0 0.0 0.0 0.0 0.0 0.0 0.0 0.0 0.0 0.0 0.0 0.0 0.0 0.002175148 0.00462041 0.010589381 0.017736898 0.022102299 0.027158313 0.036659711 0.046263685 0.058679798 0.076766381 0.159211568 0.314389406 0.672354824 1.200257384 1.351328632 1.75418261 2.936664083 5.502396795 8.890583462 11.66313248 14.92016162 17.71492741 22.47839584
Pacific island small states 0.0 0.0 0.0 0.0 0.0 0.0 0.0 0.0 0.0 0.0 0.0 0.0 0.0 0.0 0.0 0.0 0.0 0.0 0.0 0.0 0.0 0.0 0.0 0.0 0.0 0.0 0.0 0.0 0.0 0.0 0.0 0.0 0.0 0.008502225 0.11355962 0.198267314 0.29503835 0.43557101 0.618786265 1.508675875 3.149027738 4.44693504 5.28667178 7.509857497 10.13982581 14.57591762 20.23444922 35.92176466 39.92196465 47.91501056 55.12835504 63.11978863 69.55320621 72.18485011 74.42490643

copied list: Syrian Arab Republic 0.0 0.0 0.0 0.0 0.0 0.0 0.0 0.0 0.0 0.0 0.0 0.0 0.0 0.0 0.0 0.0 0.0 0.0 0.0 0.0 0.0 0.0 0.0 0.0 0.0 0.0 0.0 0.0 0.0 0.0 0.0 0.0 0.0 0.0 0.0 0.0 0.0 0.0 0.0 0.025006627 0.183248542 1.197534229 2.353678293 6.850314444 13.27222453 16.23790613 24.86052316 31.87224564 34.6807165 47.65156589 54.31752074 59.24043734 59.29734384 56.12894219 63.85589141
Sao Tome and Principe 0.0 0.0 0.0 0.0 0.0 0.0 0.0 0.0 0.0 0.0 0.0 0.0 0.0 0.0 0.0 0.0 0.0 0.0 0.0 0.0 0.0 0.0 0.0 0.0 0.0 0.0 0.0 0.0 0.0 0.0 0.0 0.0 0.0 0.0 0.0 0.0 0.0 0.0 0.0 0.0 0.0 0.0 1.370744979 3.268115696 5.134511608 7.730815251 11.60157677 18.42156803 30.04463516 46.65723851 57.63965258 62.8015526 64.95124882 64.93966102 64.93769014
Just Test 0.0 1.0 2.0 3.0 4.0 5.0 6.0 7.0 8.0 9.0 10.0 11.0 12.0 13.0 14.0 15.0 16.0 17.0 18.0 19.0 20.0 21.0 22.0 23.0 24.0 25.0 26.0 27.0 28.0 29.0 30.0 31.0 32.0 33.0 34.0 35.0 36.0 37.0 38.0 39.0 40.0 41.0 42.0 43.0 44.0 45.0 46.0 47.0 48.0 49.0 50.0 51.0 52.0 53.0 54.0
Pacific island small states 0.0 0.0 0.0 0.0 0.0 0.0 0.0 0.0 0.0 0.0 0.0 0.0 0.0 0.0 0.0 0.0 0.0 0.0 0.0 0.0 0.0 0.0 0.0 0.0 0.0 0.0 0.0 0.0 0.0 0.0 0.0 0.0 0.0 0.008502225 0.11355962 0.198267314 0.29503835 0.43557101 0.618786265 1.508675875 3.149027738 4.44693504 5.28667178 7.509857497 10.13982581 14.57591762 20.23444922 35.92176466 39.92196465 47.91501056 55.12835504 63.11978863 69.55320621 72.18485011 74.42490643


Done with TestCopyCountryList.

-----------------------------------------------------
-----------------------------------------------------
Test file: resources/cellular.csv

NOTES: Generating another test with different input, Not specific because no difference in other part.
-----------------------------------------------------

Which index in the list do you want to modify the name?
1
replace the previous country name Ethiopiawith the '  Other Country in the list ' in the index 1
original list: Georgia 0.0 0.0 0.0 0.0 0.0 0.0 0.0 0.0 0.0 0.0 0.0 0.0 0.0 0.0 0.0 0.0 0.0 0.0 0.0 0.0 0.0 0.0 0.0 0.0 0.0 0.0 0.0 0.0 0.0 0.0 0.0 0.0 0.0 0.0 0.0 0.002960248 0.046091288 0.609447781 1.234098639 2.773981786 4.105349723 6.435462135 10.8965115 15.58014589 18.61778229 26.23972528 38.32379074 58.73630305 62.43820399 64.46125996 90.64792691 101.2829241 107.809112 115.0251043 124.9355401
Ethiopia 0.0 0.0 0.0 0.0 0.0 0.0 0.0 0.0 0.0 0.0 0.0 0.0 0.0 0.0 0.0 0.0 0.0 0.0 0.0 0.0 0.0 0.0 0.0 0.0 0.0 0.0 0.0 0.0 0.0 0.0 0.0 0.0 0.0 0.0 0.0 0.0 0.0 0.0 0.0 0.01050517 0.026894684 0.040466846 0.072008853 0.071293566 0.209993373 0.539116292 1.107028759 1.5023463 2.36564857 4.775809745 7.869542323 15.80285822 22.37451927 27.25468539 31.59388039
British Virgin Islands 0.0 0.0 0.0 0.0 0.0 0.0 0.0 0.0 0.0 0.0 0.0 0.0 0.0 0.0 0.0 0.0 0.0 0.0 0.0 0.0 0.0 0.0 0.0 0.0 0.0 0.0 0.0 0.0 0.0 0.0 0.0 0.0 0.0 0.0 0.0 0.0 0.0 0.0 0.0 0.0 0.0 0.0 0.0 0.0 0.0 0.0 0.0 0.0 0.0 0.0 0.0 0.0 0.0 0.0 0.0
Fragile and conflict affected situations 0.0 0.0 0.0 0.0 0.0 0.0 0.0 0.0 0.0 0.0 0.0 0.0 0.0 0.0 0.0 0.0 0.0 0.0 0.0 0.0 0.0 0.0 0.0 0.0 0.0 0.0 0.0 0.0 0.0 0.0 0.0 0.0 7.48533E-4 0.002748224 0.004853676 0.048782974 0.082371615 0.155703894 0.230163955 0.389347658 0.585594224 0.954891738 1.458167729 2.407059373 4.068621022 6.227536993 12.25660718 18.63304536 25.94277954 32.12740989 38.63078861 45.82052408 51.39554662 58.60618295 67.18742512


copied list: Georgia 0.0 0.0 0.0 0.0 0.0 0.0 0.0 0.0 0.0 0.0 0.0 0.0 0.0 0.0 0.0 0.0 0.0 0.0 0.0 0.0 0.0 0.0 0.0 0.0 0.0 0.0 0.0 0.0 0.0 0.0 0.0 0.0 0.0 0.0 0.0 0.002960248 0.046091288 0.609447781 1.234098639 2.773981786 4.105349723 6.435462135 10.8965115 15.58014589 18.61778229 26.23972528 38.32379074 58.73630305 62.43820399 64.46125996 90.64792691 101.2829241 107.809112 115.0251043 124.9355401
Fragile and conflict affected situations 0.0 0.0 0.0 0.0 0.0 0.0 0.0 0.0 0.0 0.0 0.0 0.0 0.0 0.0 0.0 0.0 0.0 0.0 0.0 0.0 0.0 0.0 0.0 0.0 0.0 0.0 0.0 0.0 0.0 0.0 0.0 0.0 7.48533E-4 0.002748224 0.004853676 0.048782974 0.082371615 0.155703894 0.230163955 0.389347658 0.585594224 0.954891738 1.458167729 2.407059373 4.068621022 6.227536993 12.25660718 18.63304536 25.94277954 32.12740989 38.63078861 45.82052408 51.39554662 58.60618295 67.18742512
British Virgin Islands 0.0 0.0 0.0 0.0 0.0 0.0 0.0 0.0 0.0 0.0 0.0 0.0 0.0 0.0 0.0 0.0 0.0 0.0 0.0 0.0 0.0 0.0 0.0 0.0 0.0 0.0 0.0 0.0 0.0 0.0 0.0 0.0 0.0 0.0 0.0 0.0 0.0 0.0 0.0 0.0 0.0 0.0 0.0 0.0 0.0 0.0 0.0 0.0 0.0 0.0 0.0 0.0 0.0 0.0 0.0
Fragile and conflict affected situations 0.0 0.0 0.0 0.0 0.0 0.0 0.0 0.0 0.0 0.0 0.0 0.0 0.0 0.0 0.0 0.0 0.0 0.0 0.0 0.0 0.0 0.0 0.0 0.0 0.0 0.0 0.0 0.0 0.0 0.0 0.0 0.0 7.48533E-4 0.002748224 0.004853676 0.048782974 0.082371615 0.155703894 0.230163955 0.389347658 0.585594224 0.954891738 1.458167729 2.407059373 4.068621022 6.227536993 12.25660718 18.63304536 25.94277954 32.12740989 38.63078861 45.82052408 51.39554662 58.60618295 67.18742512


Which index in the list do you want to modify the subscriptions?
2
Reset the 3 country's first three subscriptions 
original list: Georgia 0.0 0.0 0.0 0.0 0.0 0.0 0.0 0.0 0.0 0.0 0.0 0.0 0.0 0.0 0.0 0.0 0.0 0.0 0.0 0.0 0.0 0.0 0.0 0.0 0.0 0.0 0.0 0.0 0.0 0.0 0.0 0.0 0.0 0.0 0.0 0.002960248 0.046091288 0.609447781 1.234098639 2.773981786 4.105349723 6.435462135 10.8965115 15.58014589 18.61778229 26.23972528 38.32379074 58.73630305 62.43820399 64.46125996 90.64792691 101.2829241 107.809112 115.0251043 124.9355401
Ethiopia 0.0 0.0 0.0 0.0 0.0 0.0 0.0 0.0 0.0 0.0 0.0 0.0 0.0 0.0 0.0 0.0 0.0 0.0 0.0 0.0 0.0 0.0 0.0 0.0 0.0 0.0 0.0 0.0 0.0 0.0 0.0 0.0 0.0 0.0 0.0 0.0 0.0 0.0 0.0 0.01050517 0.026894684 0.040466846 0.072008853 0.071293566 0.209993373 0.539116292 1.107028759 1.5023463 2.36564857 4.775809745 7.869542323 15.80285822 22.37451927 27.25468539 31.59388039
British Virgin Islands 0.0 0.0 0.0 0.0 0.0 0.0 0.0 0.0 0.0 0.0 0.0 0.0 0.0 0.0 0.0 0.0 0.0 0.0 0.0 0.0 0.0 0.0 0.0 0.0 0.0 0.0 0.0 0.0 0.0 0.0 0.0 0.0 0.0 0.0 0.0 0.0 0.0 0.0 0.0 0.0 0.0 0.0 0.0 0.0 0.0 0.0 0.0 0.0 0.0 0.0 0.0 0.0 0.0 0.0 0.0
Fragile and conflict affected situations 0.0 0.0 0.0 0.0 0.0 0.0 0.0 0.0 0.0 0.0 0.0 0.0 0.0 0.0 0.0 0.0 0.0 0.0 0.0 0.0 0.0 0.0 0.0 0.0 0.0 0.0 0.0 0.0 0.0 0.0 0.0 0.0 7.48533E-4 0.002748224 0.004853676 0.048782974 0.082371615 0.155703894 0.230163955 0.389347658 0.585594224 0.954891738 1.458167729 2.407059373 4.068621022 6.227536993 12.25660718 18.63304536 25.94277954 32.12740989 38.63078861 45.82052408 51.39554662 58.60618295 67.18742512

copied list: Georgia 0.0 0.0 0.0 0.0 0.0 0.0 0.0 0.0 0.0 0.0 0.0 0.0 0.0 0.0 0.0 0.0 0.0 0.0 0.0 0.0 0.0 0.0 0.0 0.0 0.0 0.0 0.0 0.0 0.0 0.0 0.0 0.0 0.0 0.0 0.0 0.002960248 0.046091288 0.609447781 1.234098639 2.773981786 4.105349723 6.435462135 10.8965115 15.58014589 18.61778229 26.23972528 38.32379074 58.73630305 62.43820399 64.46125996 90.64792691 101.2829241 107.809112 115.0251043 124.9355401
Ethiopia 0.0 0.0 0.0 0.0 0.0 0.0 0.0 0.0 0.0 0.0 0.0 0.0 0.0 0.0 0.0 0.0 0.0 0.0 0.0 0.0 0.0 0.0 0.0 0.0 0.0 0.0 0.0 0.0 0.0 0.0 0.0 0.0 0.0 0.0 0.0 0.0 0.0 0.0 0.0 0.01050517 0.026894684 0.040466846 0.072008853 0.071293566 0.209993373 0.539116292 1.107028759 1.5023463 2.36564857 4.775809745 7.869542323 15.80285822 22.37451927 27.25468539 31.59388039
British Virgin Islands 123.0 321.0 1234567.0 0.0 0.0 0.0 0.0 0.0 0.0 0.0 0.0 0.0 0.0 0.0 0.0 0.0 0.0 0.0 0.0 0.0 0.0 0.0 0.0 0.0 0.0 0.0 0.0 0.0 0.0 0.0 0.0 0.0 0.0 0.0 0.0 0.0 0.0 0.0 0.0 0.0 0.0 0.0 0.0 0.0 0.0 0.0 0.0 0.0 0.0 0.0 0.0 0.0 0.0 0.0 0.0
Fragile and conflict affected situations 0.0 0.0 0.0 0.0 0.0 0.0 0.0 0.0 0.0 0.0 0.0 0.0 0.0 0.0 0.0 0.0 0.0 0.0 0.0 0.0 0.0 0.0 0.0 0.0 0.0 0.0 0.0 0.0 0.0 0.0 0.0 0.0 7.48533E-4 0.002748224 0.004853676 0.048782974 0.082371615 0.155703894 0.230163955 0.389347658 0.585594224 0.954891738 1.458167729 2.407059373 4.068621022 6.227536993 12.25660718 18.63304536 25.94277954 32.12740989 38.63078861 45.82052408 51.39554662 58.60618295 67.18742512


Replaced index 1 with country named Samoa
original list: Georgia 0.0 0.0 0.0 0.0 0.0 0.0 0.0 0.0 0.0 0.0 0.0 0.0 0.0 0.0 0.0 0.0 0.0 0.0 0.0 0.0 0.0 0.0 0.0 0.0 0.0 0.0 0.0 0.0 0.0 0.0 0.0 0.0 0.0 0.0 0.0 0.002960248 0.046091288 0.609447781 1.234098639 2.773981786 4.105349723 6.435462135 10.8965115 15.58014589 18.61778229 26.23972528 38.32379074 58.73630305 62.43820399 64.46125996 90.64792691 101.2829241 107.809112 115.0251043 124.9355401
Ethiopia 0.0 0.0 0.0 0.0 0.0 0.0 0.0 0.0 0.0 0.0 0.0 0.0 0.0 0.0 0.0 0.0 0.0 0.0 0.0 0.0 0.0 0.0 0.0 0.0 0.0 0.0 0.0 0.0 0.0 0.0 0.0 0.0 0.0 0.0 0.0 0.0 0.0 0.0 0.0 0.01050517 0.026894684 0.040466846 0.072008853 0.071293566 0.209993373 0.539116292 1.107028759 1.5023463 2.36564857 4.775809745 7.869542323 15.80285822 22.37451927 27.25468539 31.59388039
British Virgin Islands 0.0 0.0 0.0 0.0 0.0 0.0 0.0 0.0 0.0 0.0 0.0 0.0 0.0 0.0 0.0 0.0 0.0 0.0 0.0 0.0 0.0 0.0 0.0 0.0 0.0 0.0 0.0 0.0 0.0 0.0 0.0 0.0 0.0 0.0 0.0 0.0 0.0 0.0 0.0 0.0 0.0 0.0 0.0 0.0 0.0 0.0 0.0 0.0 0.0 0.0 0.0 0.0 0.0 0.0 0.0
Fragile and conflict affected situations 0.0 0.0 0.0 0.0 0.0 0.0 0.0 0.0 0.0 0.0 0.0 0.0 0.0 0.0 0.0 0.0 0.0 0.0 0.0 0.0 0.0 0.0 0.0 0.0 0.0 0.0 0.0 0.0 0.0 0.0 0.0 0.0 7.48533E-4 0.002748224 0.004853676 0.048782974 0.082371615 0.155703894 0.230163955 0.389347658 0.585594224 0.954891738 1.458167729 2.407059373 4.068621022 6.227536993 12.25660718 18.63304536 25.94277954 32.12740989 38.63078861 45.82052408 51.39554662 58.60618295 67.18742512

copied list: Georgia 0.0 0.0 0.0 0.0 0.0 0.0 0.0 0.0 0.0 0.0 0.0 0.0 0.0 0.0 0.0 0.0 0.0 0.0 0.0 0.0 0.0 0.0 0.0 0.0 0.0 0.0 0.0 0.0 0.0 0.0 0.0 0.0 0.0 0.0 0.0 0.002960248 0.046091288 0.609447781 1.234098639 2.773981786 4.105349723 6.435462135 10.8965115 15.58014589 18.61778229 26.23972528 38.32379074 58.73630305 62.43820399 64.46125996 90.64792691 101.2829241 107.809112 115.0251043 124.9355401
Samoa 0.0 0.0 0.0 0.0 0.0 0.0 0.0 0.0 0.0 0.0 0.0 0.0 0.0 0.0 0.0 0.0 0.0 0.0 0.0 0.0 0.0 0.0 0.0 0.0 0.0 0.0 0.0 0.0 0.0 0.0 0.0 0.0 0.0 0.0 0.0 0.0 0.0 0.444854841 0.855595188 1.399647786 1.431729415 1.423957805 1.528948084 5.909600005 8.948846158 13.3386688 25.12798705 47.190518 0.0 0.0 48.37955373 0.0 53.10102759 52.46937575 55.53012808
British Virgin Islands 123.0 321.0 1234567.0 0.0 0.0 0.0 0.0 0.0 0.0 0.0 0.0 0.0 0.0 0.0 0.0 0.0 0.0 0.0 0.0 0.0 0.0 0.0 0.0 0.0 0.0 0.0 0.0 0.0 0.0 0.0 0.0 0.0 0.0 0.0 0.0 0.0 0.0 0.0 0.0 0.0 0.0 0.0 0.0 0.0 0.0 0.0 0.0 0.0 0.0 0.0 0.0 0.0 0.0 0.0 0.0
Fragile and conflict affected situations 0.0 0.0 0.0 0.0 0.0 0.0 0.0 0.0 0.0 0.0 0.0 0.0 0.0 0.0 0.0 0.0 0.0 0.0 0.0 0.0 0.0 0.0 0.0 0.0 0.0 0.0 0.0 0.0 0.0 0.0 0.0 0.0 7.48533E-4 0.002748224 0.004853676 0.048782974 0.082371615 0.155703894 0.230163955 0.389347658 0.585594224 0.954891738 1.458167729 2.407059373 4.068621022 6.227536993 12.25660718 18.63304536 25.94277954 32.12740989 38.63078861 45.82052408 51.39554662 58.60618295 67.18742512


Which index in the list do you want to replace?
3
Generate a Country name 'Just test ' Object with desgined subscriptions
original list: Georgia 0.0 0.0 0.0 0.0 0.0 0.0 0.0 0.0 0.0 0.0 0.0 0.0 0.0 0.0 0.0 0.0 0.0 0.0 0.0 0.0 0.0 0.0 0.0 0.0 0.0 0.0 0.0 0.0 0.0 0.0 0.0 0.0 0.0 0.0 0.0 0.002960248 0.046091288 0.609447781 1.234098639 2.773981786 4.105349723 6.435462135 10.8965115 15.58014589 18.61778229 26.23972528 38.32379074 58.73630305 62.43820399 64.46125996 90.64792691 101.2829241 107.809112 115.0251043 124.9355401
Ethiopia 0.0 0.0 0.0 0.0 0.0 0.0 0.0 0.0 0.0 0.0 0.0 0.0 0.0 0.0 0.0 0.0 0.0 0.0 0.0 0.0 0.0 0.0 0.0 0.0 0.0 0.0 0.0 0.0 0.0 0.0 0.0 0.0 0.0 0.0 0.0 0.0 0.0 0.0 0.0 0.01050517 0.026894684 0.040466846 0.072008853 0.071293566 0.209993373 0.539116292 1.107028759 1.5023463 2.36564857 4.775809745 7.869542323 15.80285822 22.37451927 27.25468539 31.59388039
British Virgin Islands 0.0 0.0 0.0 0.0 0.0 0.0 0.0 0.0 0.0 0.0 0.0 0.0 0.0 0.0 0.0 0.0 0.0 0.0 0.0 0.0 0.0 0.0 0.0 0.0 0.0 0.0 0.0 0.0 0.0 0.0 0.0 0.0 0.0 0.0 0.0 0.0 0.0 0.0 0.0 0.0 0.0 0.0 0.0 0.0 0.0 0.0 0.0 0.0 0.0 0.0 0.0 0.0 0.0 0.0 0.0
Fragile and conflict affected situations 0.0 0.0 0.0 0.0 0.0 0.0 0.0 0.0 0.0 0.0 0.0 0.0 0.0 0.0 0.0 0.0 0.0 0.0 0.0 0.0 0.0 0.0 0.0 0.0 0.0 0.0 0.0 0.0 0.0 0.0 0.0 0.0 7.48533E-4 0.002748224 0.004853676 0.048782974 0.082371615 0.155703894 0.230163955 0.389347658 0.585594224 0.954891738 1.458167729 2.407059373 4.068621022 6.227536993 12.25660718 18.63304536 25.94277954 32.12740989 38.63078861 45.82052408 51.39554662 58.60618295 67.18742512

copied list: Georgia 0.0 0.0 0.0 0.0 0.0 0.0 0.0 0.0 0.0 0.0 0.0 0.0 0.0 0.0 0.0 0.0 0.0 0.0 0.0 0.0 0.0 0.0 0.0 0.0 0.0 0.0 0.0 0.0 0.0 0.0 0.0 0.0 0.0 0.0 0.0 0.002960248 0.046091288 0.609447781 1.234098639 2.773981786 4.105349723 6.435462135 10.8965115 15.58014589 18.61778229 26.23972528 38.32379074 58.73630305 62.43820399 64.46125996 90.64792691 101.2829241 107.809112 115.0251043 124.9355401
Samoa 0.0 0.0 0.0 0.0 0.0 0.0 0.0 0.0 0.0 0.0 0.0 0.0 0.0 0.0 0.0 0.0 0.0 0.0 0.0 0.0 0.0 0.0 0.0 0.0 0.0 0.0 0.0 0.0 0.0 0.0 0.0 0.0 0.0 0.0 0.0 0.0 0.0 0.444854841 0.855595188 1.399647786 1.431729415 1.423957805 1.528948084 5.909600005 8.948846158 13.3386688 25.12798705 47.190518 0.0 0.0 48.37955373 0.0 53.10102759 52.46937575 55.53012808
British Virgin Islands 123.0 321.0 1234567.0 0.0 0.0 0.0 0.0 0.0 0.0 0.0 0.0 0.0 0.0 0.0 0.0 0.0 0.0 0.0 0.0 0.0 0.0 0.0 0.0 0.0 0.0 0.0 0.0 0.0 0.0 0.0 0.0 0.0 0.0 0.0 0.0 0.0 0.0 0.0 0.0 0.0 0.0 0.0 0.0 0.0 0.0 0.0 0.0 0.0 0.0 0.0 0.0 0.0 0.0 0.0 0.0
Just Test 0.0 1.0 2.0 3.0 4.0 5.0 6.0 7.0 8.0 9.0 10.0 11.0 12.0 13.0 14.0 15.0 16.0 17.0 18.0 19.0 20.0 21.0 22.0 23.0 24.0 25.0 26.0 27.0 28.0 29.0 30.0 31.0 32.0 33.0 34.0 35.0 36.0 37.0 38.0 39.0 40.0 41.0 42.0 43.0 44.0 45.0 46.0 47.0 48.0 49.0 50.0 51.0 52.0 53.0 54.0


Done with TestCopyCountryList.
